0 21
0 23
0 26
0 34
0 37
0 42
0 46
0 52
0 59
0 64
0 70
0 79
0 81
0 83
0 95
0 99
0 104
0 110
0 112
0 137
0 142
0 143
0 144
0 145
0 146
0 147
0 148
0 149
0 150
1 7
1 8
1 16
1 18
1 19
1 20
1 21
1 22
1 25
1 26
1 27
1 28
1 31
1 33
1 34
1 35
1 36
1 37
1 38
1 39
1 40
1 41
1 42
1 43
1 46
1 48
1 50
1 52
1 53
1 55
1 59
1 60
1 62
1 63
1 64
1 66
1 67
1 68
1 69
1 72
1 73
1 74
1 75
1 77
1 79
1 80
1 81
1 83
1 84
1 86
1 88
1 89
1 90
1 95
1 100
1 102
1 105
1 106
1 107
1 108
1 109
1 110
1 116
1 117
1 118
1 119
1 120
1 122
1 123
1 126
1 127
1 131
1 133
1 134
1 136
1 141
1 142
1 145
1 147
1 150
1 153
1 155
1 156
1 159
1 160
1 161
2 3
2 4
2 5
2 168
3 2
3 4
3 5
3 132
3 168
4 2
4 3
4 5
4 14
4 132
4 135
4 168
5 2
5 3
5 4
5 168
6 7
6 9
6 20
6 22
6 36
6 37
6 46
6 48
6 52
6 60
6 63
6 66
6 70
6 72
6 73
6 75
6 78
6 79
6 83
6 89
6 90
6 102
6 106
6 107
6 108
6 113
6 116
6 124
6 140
6 142
6 156
6 159
6 161
6 163
7 1
7 6
7 8
7 9
7 17
7 19
7 21
7 22
7 23
7 24
7 25
7 26
7 27
7 28
7 31
7 33
7 34
7 38
7 41
7 46
7 48
7 52
7 54
7 55
7 56
7 58
7 59
7 60
7 61
7 62
7 63
7 68
7 69
7 71
7 72
7 77
7 86
7 88
7 89
7 90
7 91
7 95
7 104
7 105
7 108
7 111
7 112
7 115
7 116
7 117
7 118
7 119
7 120
7 122
7 127
7 130
7 133
7 136
7 139
7 142
7 146
7 147
7 149
7 150
7 151
7 156
8 1
8 7
8 9
8 17
8 20
8 25
8 34
8 48
8 52
8 60
8 72
8 78
8 79
8 83
8 89
8 90
8 97
8 103
8 110
8 113
8 116
8 124
8 136
8 142
8 149
8 156
8 159
9 6
9 7
9 8
9 17
9 19
9 20
9 21
9 22
9 23
9 26
9 27
9 28
9 31
9 33
9 34
9 48
9 52
9 60
9 62
9 63
9 66
9 72
9 73
9 77
9 80
9 83
9 84
9 86
9 89
9 90
9 106
9 107
9 108
9 110
9 118
9 120
9 126
9 127
9 133
9 136
9 139
9 142
9 150
9 155
9 156
9 159
9 161
10 11
10 12
10 168
11 10
11 47
11 168
12 10
12 168
13 168
14 4
14 135
14 168
15 135
15 168
16 1
16 17
16 18
16 24
16 25
16 26
16 30
16 31
16 34
16 35
16 36
16 37
16 56
16 59
16 68
16 71
16 74
16 99
16 142
17 7
17 8
17 9
17 16
17 24
17 25
17 26
17 36
17 37
17 38
17 48
17 59
17 68
17 70
17 71
17 80
17 89
17 136
17 137
17 142
17 149
18 1
18 16
18 20
18 23
18 30
18 34
18 37
18 39
18 43
18 63
18 64
18 80
18 86
18 91
18 97
18 105
18 110
18 117
18 122
18 127
18 129
18 142
18 145
18 154
18 156
19 1
19 7
19 9
19 36
19 39
19 41
19 48
19 49
19 52
19 59
19 60
19 63
19 66
19 67
19 70
19 72
19 73
19 75
19 79
19 82
19 83
19 90
19 95
19 102
19 103
19 105
19 106
19 108
19 110
19 116
19 117
19 142
19 143
19 145
19 147
19 151
19 154
19 155
19 156
19 159
20 1
20 6
20 8
20 9
20 18
20 21
20 22
20 26
20 28
20 33
20 36
20 37
20 38
20 39
20 46
20 48
20 53
20 54
20 55
20 61
20 62
20 63
20 65
20 68
20 69
20 72
20 73
20 74
20 75
20 77
20 84
20 86
20 95
20 116
20 117
20 118
20 119
20 120
20 122
20 124
20 125
20 127
20 133
20 139
20 142
20 153
20 161
21 0
21 1
21 7
21 9
21 20
21 22
21 23
21 30
21 34
21 38
21 39
21 45
21 48
21 51
21 52
21 56
21 57
21 58
21 59
21 60
21 63
21 70
21 72
21 73
21 74
21 75
21 88
21 89
21 91
21 95
21 104
21 105
21 108
21 110
21 111
21 112
21 117
21 124
21 142
21 143
21 146
21 147
21 149
21 150
22 1
22 6
22 7
22 9
22 20
22 21
22 26
22 27
22 28
22 30
22 31
22 38
22 51
22 54
22 56
22 59
22 64
22 69
22 77
22 88
22 91
22 95
22 112
22 116
22 117
22 118
22 119
22 120
22 122
22 127
22 133
22 139
22 142
22 147
22 161
23 0
23 7
23 9
23 18
23 21
23 25
23 26
23 28
23 30
23 34
23 39
23 58
23 59
23 62
23 70
23 89
23 95
23 104
23 108
23 112
23 130
23 142
23 146
23 148
23 149
23 150
24 7
24 16
24 17
24 34
24 35
24 36
24 71
24 73
24 74
24 83
24 99
24 121
24 137
24 142
25 1
25 7
25 8
25 16
25 17
25 23
25 27
25 31
25 34
25 37
25 39
25 40
25 41
25 59
25 61
25 73
25 74
25 79
25 94
25 95
25 96
25 97
25 121
25 125
25 130
25 131
25 142
25 156
25 161
26 0
26 1
26 7
26 9
26 16
26 17
26 20
26 22
26 23
26 30
26 34
26 37
26 38
26 47
26 48
26 51
26 58
26 59
26 63
26 67
26 69
26 70
26 72
26 73
26 75
26 78
26 79
26 89
26 91
26 92
26 95
26 108
26 109
26 110
26 112
26 116
26 121
26 136
26 142
26 146
26 147
26 149
26 150
26 156
26 159
27 1
27 7
27 9
27 22
27 25
27 30
27 38
27 39
27 52
27 56
27 59
27 70
27 73
27 79
27 105
27 110
27 121
27 142
27 156
27 161
28 1
28 7
28 9
28 20
28 22
28 23
28 38
28 48
28 52
28 56
28 59
28 60
28 69
28 72
28 75
28 79
28 89
28 95
28 107
28 108
28 111
28 112
28 113
28 116
28 117
28 124
28 142
28 146
28 147
28 149
28 161
29 32
29 36
29 37
29 46
29 56
29 61
29 71
29 73
29 79
29 86
29 92
29 101
29 102
29 116
29 119
29 142
30 16
30 18
30 21
30 22
30 23
30 26
30 27
30 38
30 51
30 57
30 61
30 68
30 70
30 92
30 104
30 110
30 130
30 142
30 143
30 144
30 145
31 1
31 7
31 9
31 16
31 22
31 25
31 34
31 36
31 37
31 39
31 41
31 43
31 48
31 49
31 52
31 59
31 60
31 67
31 70
31 72
31 75
31 79
31 90
31 92
31 95
31 102
31 103
31 105
31 110
31 136
31 142
31 147
31 154
31 155
31 156
31 159
32 29
32 36
32 37
32 42
32 46
32 63
32 72
32 76
32 78
32 79
32 82
32 92
32 101
32 123
32 126
32 142
32 159
32 165
33 1
33 7
33 9
33 20
33 36
33 48
33 52
33 60
33 67
33 70
33 72
33 75
33 79
33 83
33 90
33 102
33 104
33 107
33 110
33 136
33 138
33 142
33 155
33 156
33 159
34 0
34 1
34 7
34 8
34 9
34 16
34 18
34 21
34 23
34 24
34 25
34 26
34 31
34 35
34 39
34 40
34 48
34 62
34 63
34 64
34 66
34 67
34 72
34 73
34 74
34 75
34 77
34 79
34 80
34 86
34 89
34 92
34 104
34 108
34 109
34 112
34 117
34 120
34 131
34 142
34 150
34 151
34 159
34 161
35 1
35 16
35 24
35 34
35 36
35 37
35 64
35 74
35 89
35 99
35 142
36 1
36 6
36 16
36 17
36 19
36 20
36 24
36 29
36 31
36 32
36 33
36 35
36 37
36 41
36 46
36 48
36 49
36 53
36 63
36 66
36 67
36 68
36 72
36 75
36 76
36 78
36 79
36 80
36 82
36 83
36 86
36 90
36 92
36 101
36 102
36 107
36 109
36 119
36 123
36 126
36 137
36 139
36 142
36 144
36 148
36 152
36 159
36 163
36 165
37 0
37 1
37 6
37 16
37 17
37 18
37 20
37 25
37 26
37 29
37 31
37 32
37 35
37 36
37 44
37 46
37 48
37 63
37 76
37 78
37 83
37 84
37 85
37 90
37 92
37 95
37 99
37 101
37 103
37 107
37 121
37 123
37 126
37 137
37 142
37 144
37 148
38 1
38 7
38 17
38 20
38 21
38 22
38 26
38 27
38 28
38 30
38 55
38 56
38 59
38 77
38 91
38 95
38 108
38 112
38 116
38 117
38 118
38 119
38 120
38 122
38 124
38 142
38 146
38 147
39 1
39 18
39 19
39 20
39 21
39 23
39 25
39 27
39 31
39 34
39 42
39 43
39 51
39 52
39 53
39 64
39 77
39 78
39 89
39 91
39 108
39 110
39 124
39 142
39 161
40 1
40 25
40 34
40 64
40 94
40 95
40 96
40 97
40 131
40 142
40 147
41 1
41 7
41 19
41 25
41 31
41 36
41 42
41 59
41 60
41 63
41 66
41 67
41 72
41 75
41 76
41 78
41 82
41 90
41 98
41 106
41 113
41 123
41 141
41 142
41 145
41 147
41 150
41 153
41 159
41 161
42 0
42 1
42 32
42 39
42 41
42 44
42 49
42 75
42 102
42 107
42 141
42 142
42 143
43 1
43 18
43 31
43 39
43 142
44 37
44 42
44 58
44 142
45 21
45 57
45 113
45 142
46 0
46 1
46 6
46 7
46 20
46 29
46 32
46 36
46 37
46 47
46 48
46 53
46 60
46 63
46 66
46 67
46 72
46 76
46 77
46 78
46 79
46 80
46 83
46 90
46 102
46 107
46 113
46 120
46 142
46 159
47 11
47 26
47 46
47 138
47 168
48 1
48 6
48 7
48 8
48 9
48 17
48 19
48 20
48 21
48 26
48 28
48 31
48 33
48 34
48 36
48 37
48 46
48 50
48 52
48 59
48 60
48 62
48 63
48 66
48 67
48 68
48 72
48 73
48 75
48 76
48 77
48 78
48 79
48 80
48 82
48 83
48 84
48 86
48 88
48 89
48 90
48 92
48 95
48 102
48 103
48 106
48 107
48 108
48 109
48 110
48 113
48 123
48 127
48 133
48 134
48 136
48 137
48 139
48 142
48 145
48 150
48 152
48 153
48 156
48 159
48 161
48 163
48 165
49 19
49 31
49 36
49 42
49 50
49 62
49 76
49 77
49 78
49 81
49 88
49 127
49 142
49 144
50 1
50 48
50 49
50 63
50 67
50 72
50 109
50 137
50 142
50 152
50 165
51 21
51 22
51 26
51 30
51 39
51 53
51 54
51 68
51 91
51 105
51 142
52 0
52 1
52 6
52 7
52 8
52 9
52 19
52 21
52 27
52 28
52 31
52 33
52 39
52 48
52 53
52 54
52 55
52 56
52 59
52 60
52 62
52 63
52 65
52 66
52 67
52 68
52 72
52 73
52 75
52 77
52 78
52 79
52 80
52 83
52 84
52 86
52 88
52 91
52 95
52 103
52 104
52 105
52 108
52 110
52 127
52 133
52 136
52 142
52 145
52 147
52 149
52 150
53 1
53 20
53 36
53 39
53 46
53 51
53 52
53 60
53 63
53 67
53 72
53 73
53 75
53 76
53 79
53 83
53 90
53 91
53 100
53 102
53 103
53 108
53 142
53 145
53 149
53 156
53 159
53 161
54 7
54 20
54 22
54 51
54 52
54 70
54 75
54 90
54 103
54 104
54 108
54 142
54 149
54 151
55 1
55 7
55 20
55 38
55 52
55 57
55 58
55 60
55 61
55 75
55 88
55 95
55 102
55 105
55 110
55 116
55 117
55 130
55 140
55 142
55 147
55 155
56 7
56 16
56 21
56 22
56 27
56 28
56 29
56 38
56 52
56 57
56 58
56 59
56 62
56 69
56 71
56 74
56 77
56 86
56 89
56 95
56 108
56 112
56 115
56 118
56 127
56 133
56 139
56 142
56 143
56 147
56 149
56 150
57 21
57 30
57 45
57 55
57 56
57 80
57 86
57 87
57 98
57 113
57 115
57 130
57 141
57 142
57 148
57 149
58 7
58 21
58 23
58 26
58 44
58 55
58 56
58 59
58 62
58 70
58 74
58 95
58 104
58 112
58 118
58 120
58 127
58 141
58 142
58 149
58 153
59 0
59 1
59 7
59 16
59 17
59 19
59 21
59 22
59 23
59 25
59 26
59 27
59 28
59 31
59 38
59 41
59 48
59 52
59 56
59 58
59 64
59 70
59 77
59 89
59 95
59 103
59 104
59 108
59 112
59 116
59 117
59 142
59 154
59 155
60 1
60 6
60 7
60 8
60 9
60 19
60 21
60 28
60 31
60 33
60 41
60 46
60 48
60 52
60 53
60 55
60 62
60 63
60 64
60 66
60 67
60 70
60 75
60 78
60 79
60 80
60 82
60 83
60 86
60 90
60 100
60 103
60 107
60 108
60 110
60 116
60 120
60 142
60 145
60 149
60 155
60 156
61 7
61 20
61 25
61 29
61 30
61 55
61 69
61 70
61 71
61 72
61 73
61 74
61 83
61 95
61 99
61 108
61 112
61 116
61 117
61 118
61 121
61 130
61 142
62 1
62 7
62 9
62 20
62 23
62 34
62 48
62 49
62 52
62 56
62 58
62 60
62 67
62 75
62 83
62 89
62 90
62 116
62 136
62 142
62 149
62 155
62 156
62 157
62 161
62 163
63 1
63 6
63 7
63 9
63 18
63 19
63 20
63 21
63 26
63 32
63 34
63 36
63 37
63 41
63 46
63 48
63 50
63 52
63 53
63 60
63 67
63 72
63 73
63 75
63 76
63 78
63 79
63 83
63 84
63 88
63 89
63 90
63 102
63 103
63 107
63 108
63 113
63 124
63 136
63 142
63 145
63 150
63 152
63 156
63 159
63 161
63 163
63 165
64 0
64 1
64 18
64 22
64 34
64 35
64 39
64 40
64 59
64 60
64 75
64 89
64 91
64 108
64 142
64 149
64 151
64 161
65 20
65 52
65 66
65 67
65 72
65 75
65 78
65 107
65 142
66 1
66 6
66 9
66 19
66 34
66 36
66 41
66 46
66 48
66 52
66 60
66 65
66 67
66 72
66 75
66 76
66 78
66 79
66 81
66 82
66 83
66 84
66 90
66 99
66 100
66 101
66 102
66 103
66 107
66 110
66 116
66 130
66 142
66 144
66 159
66 165
66 169
67 1
67 19
67 26
67 31
67 33
67 34
67 36
67 41
67 46
67 48
67 50
67 52
67 53
67 60
67 62
67 63
67 65
67 66
67 72
67 73
67 75
67 76
67 79
67 80
67 81
67 83
67 84
67 88
67 90
67 102
67 106
67 107
67 137
67 139
67 142
67 152
67 153
68 1
68 7
68 16
68 17
68 20
68 30
68 36
68 48
68 51
68 52
68 75
68 90
68 102
68 103
68 107
68 110
68 142
68 156
68 161
69 1
69 7
69 20
69 22
69 26
69 28
69 56
69 61
69 73
69 74
69 77
69 116
69 117
69 118
69 119
69 120
69 122
69 125
69 142
70 0
70 6
70 17
70 19
70 21
70 23
70 26
70 27
70 30
70 31
70 33
70 54
70 58
70 59
70 60
70 61
70 72
70 75
70 80
70 89
70 95
70 104
70 108
70 110
70 112
70 118
70 119
70 142
70 145
70 146
70 147
70 149
70 150
70 159
71 7
71 16
71 17
71 24
71 29
71 56
71 61
71 73
71 74
71 117
71 123
71 124
71 142
72 1
72 6
72 7
72 8
72 9
72 19
72 20
72 21
72 26
72 28
72 31
72 32
72 33
72 34
72 36
72 41
72 46
72 48
72 50
72 52
72 53
72 61
72 63
72 65
72 66
72 67
72 70
72 73
72 75
72 76
72 77
72 78
72 81
72 82
72 83
72 84
72 88
72 89
72 90
72 92
72 101
72 102
72 107
72 108
72 109
72 110
72 113
72 120
72 123
72 136
72 137
72 142
72 145
72 150
72 152
72 156
72 159
72 163
72 165
73 1
73 6
73 9
73 19
73 20
73 21
73 24
73 25
73 26
73 27
73 29
73 34
73 48
73 52
73 53
73 61
73 63
73 67
73 69
73 71
73 72
73 74
73 76
73 77
73 79
73 81
73 83
73 84
73 90
73 112
73 115
73 117
73 118
73 121
73 122
73 124
73 130
73 142
73 161
74 1
74 16
74 20
74 21
74 24
74 25
74 34
74 35
74 56
74 58
74 61
74 69
74 71
74 73
74 77
74 79
74 81
74 89
74 99
74 112
74 116
74 117
74 118
74 121
74 122
74 124
74 142
75 1
75 6
75 19
75 20
75 21
75 26
75 28
75 31
75 33
75 34
75 36
75 41
75 42
75 48
75 52
75 53
75 54
75 55
75 60
75 62
75 63
75 64
75 65
75 66
75 67
75 68
75 70
75 72
75 76
75 77
75 78
75 79
75 80
75 82
75 83
75 84
75 86
75 88
75 90
75 92
75 100
75 102
75 103
75 105
75 106
75 107
75 108
75 110
75 113
75 120
75 122
75 124
75 126
75 127
75 133
75 137
75 141
75 142
75 150
75 153
75 156
75 157
75 159
75 161
76 32
76 36
76 37
76 41
76 46
76 48
76 49
76 53
76 63
76 66
76 67
76 72
76 73
76 75
76 78
76 79
76 82
76 84
76 102
76 123
76 142
76 159
76 165
77 1
77 7
77 9
77 20
77 22
77 34
77 38
77 39
77 46
77 48
77 49
77 52
77 56
77 59
77 69
77 72
77 73
77 74
77 75
77 78
77 81
77 83
77 89
77 91
77 95
77 102
77 107
77 108
77 112
77 116
77 117
77 124
77 136
77 142
77 149
77 150
78 6
78 8
78 26
78 32
78 36
78 37
78 39
78 41
78 46
78 48
78 49
78 52
78 60
78 63
78 65
78 66
78 72
78 75
78 76
78 77
78 79
78 82
78 83
78 84
78 90
78 103
78 107
78 142
78 145
79 0
79 1
79 6
79 8
79 19
79 25
79 26
79 27
79 28
79 29
79 31
79 32
79 33
79 34
79 36
79 46
79 48
79 52
79 53
79 60
79 63
79 66
79 67
79 73
79 74
79 75
79 76
79 78
79 80
79 83
79 84
79 86
79 87
79 89
79 90
79 92
79 102
79 107
79 110
79 114
79 124
79 136
79 137
79 142
79 149
79 156
79 165
80 1
80 9
80 17
80 18
80 34
80 36
80 46
80 48
80 52
80 57
80 60
80 67
80 70
80 75
80 79
80 83
80 89
80 90
80 102
80 107
80 110
80 136
80 142
80 149
80 150
80 155
80 156
80 159
81 0
81 1
81 49
81 66
81 67
81 72
81 73
81 74
81 77
81 82
81 104
81 114
81 115
81 118
81 127
81 130
81 142
81 159
81 163
82 19
82 32
82 36
82 41
82 48
82 60
82 66
82 72
82 75
82 76
82 78
82 81
82 90
82 92
82 103
82 137
82 142
82 150
82 159
82 163
82 165
83 0
83 1
83 6
83 8
83 9
83 19
83 24
83 33
83 36
83 37
83 46
83 48
83 52
83 53
83 60
83 61
83 62
83 63
83 66
83 67
83 72
83 73
83 75
83 77
83 78
83 79
83 80
83 84
83 86
83 90
83 102
83 103
83 107
83 108
83 113
83 123
83 142
83 150
83 161
84 1
84 9
84 20
84 37
84 48
84 52
84 63
84 66
84 67
84 72
84 73
84 75
84 76
84 78
84 79
84 83
84 89
84 90
84 100
84 102
84 106
84 108
84 124
84 142
84 145
84 151
84 156
84 159
85 37
85 142
86 1
86 7
86 9
86 18
86 20
86 29
86 34
86 36
86 48
86 52
86 56
86 57
86 60
86 75
86 79
86 83
86 90
86 102
86 107
86 110
86 116
86 142
86 150
86 156
86 159
87 57
87 79
87 127
87 129
87 142
87 163
88 1
88 7
88 21
88 22
88 48
88 49
88 52
88 55
88 63
88 67
88 72
88 75
88 90
88 108
88 116
88 142
88 151
88 161
89 1
89 6
89 7
89 8
89 9
89 17
89 21
89 23
89 26
89 28
89 34
89 35
89 39
89 48
89 56
89 59
89 62
89 63
89 64
89 70
89 72
89 74
89 77
89 79
89 80
89 84
89 108
89 112
89 139
89 142
89 143
89 145
89 149
89 150
90 1
90 6
90 7
90 8
90 9
90 19
90 31
90 33
90 36
90 37
90 41
90 46
90 48
90 53
90 54
90 60
90 62
90 63
90 66
90 67
90 68
90 72
90 73
90 75
90 78
90 79
90 80
90 82
90 83
90 84
90 86
90 88
90 102
90 103
90 106
90 107
90 108
90 110
90 112
90 113
90 114
90 120
90 122
90 127
90 139
90 142
90 153
90 156
90 159
91 7
91 18
91 21
91 22
91 26
91 38
91 39
91 51
91 52
91 53
91 64
91 77
91 105
91 108
91 116
91 142
91 155
92 26
92 29
92 30
92 31
92 32
92 34
92 36
92 37
92 48
92 72
92 75
92 79
92 82
92 109
92 114
92 115
92 142
92 144
92 159
92 163
92 164
92 165
93 138
93 168
94 25
94 40
94 95
94 96
94 97
94 130
94 131
94 142
94 147
95 0
95 1
95 7
95 19
95 20
95 21
95 22
95 23
95 25
95 26
95 28
95 31
95 37
95 38
95 40
95 48
95 52
95 55
95 56
95 58
95 59
95 61
95 70
95 77
95 94
95 96
95 97
95 103
95 104
95 108
95 112
95 120
95 126
95 130
95 131
95 133
95 140
95 142
95 146
95 147
95 155
95 164
96 25
96 40
96 94
96 95
96 97
96 131
96 142
96 147
97 8
97 18
97 25
97 40
97 94
97 95
97 96
97 130
97 131
97 142
98 41
98 57
98 113
98 115
98 130
98 142
98 148
98 156
99 0
99 16
99 24
99 35
99 37
99 61
99 66
99 74
99 142
100 1
100 53
100 60
100 66
100 75
100 84
100 106
100 113
100 142
100 161
101 29
101 32
101 36
101 37
101 66
101 72
101 142
102 1
102 6
102 19
102 29
102 31
102 33
102 36
102 42
102 46
102 48
102 53
102 55
102 63
102 66
102 67
102 68
102 72
102 75
102 76
102 77
102 79
102 80
102 83
102 84
102 86
102 90
102 106
102 120
102 137
102 142
102 153
103 8
103 19
103 31
103 37
103 48
103 52
103 53
103 54
103 59
103 60
103 63
103 66
103 68
103 75
103 78
103 82
103 83
103 90
103 95
103 107
103 113
103 117
103 120
103 122
103 126
103 142
103 163
104 0
104 7
104 21
104 23
104 30
104 33
104 34
104 52
104 54
104 58
104 59
104 70
104 81
104 95
104 110
104 112
104 113
104 115
104 142
104 143
104 146
104 148
104 150
105 1
105 7
105 18
105 19
105 21
105 27
105 31
105 51
105 52
105 55
105 75
105 91
105 118
105 142
105 147
106 1
106 6
106 9
106 19
106 41
106 48
106 67
106 75
106 84
106 90
106 100
106 102
106 109
106 116
106 137
106 142
106 147
106 152
106 159
106 161
106 165
107 1
107 6
107 9
107 28
107 33
107 36
107 37
107 42
107 46
107 48
107 60
107 63
107 65
107 66
107 67
107 68
107 72
107 75
107 77
107 78
107 79
107 80
107 83
107 86
107 90
107 103
107 133
107 139
107 142
107 161
108 1
108 6
108 7
108 9
108 19
108 21
108 23
108 26
108 28
108 34
108 38
108 39
108 48
108 52
108 53
108 54
108 56
108 59
108 60
108 61
108 63
108 64
108 70
108 72
108 75
108 77
108 83
108 84
108 88
108 89
108 90
108 91
108 95
108 112
108 118
108 120
108 124
108 127
108 133
108 139
108 142
108 149
108 151
109 1
109 26
109 34
109 36
109 48
109 50
109 72
109 92
109 106
109 114
109 115
109 117
109 142
109 152
109 159
109 164
109 165
110 0
110 1
110 8
110 9
110 18
110 19
110 21
110 26
110 27
110 30
110 31
110 33
110 39
110 48
110 52
110 55
110 60
110 66
110 68
110 70
110 72
110 75
110 79
110 80
110 86
110 90
110 104
110 113
110 120
110 127
110 139
110 142
110 146
110 153
110 156
110 159
110 161
111 7
111 21
111 28
111 142
112 0
112 7
112 21
112 22
112 23
112 26
112 28
112 34
112 38
112 56
112 58
112 59
112 61
112 70
112 73
112 74
112 77
112 89
112 90
112 95
112 104
112 108
112 115
112 117
112 118
112 133
112 142
112 143
112 148
112 149
112 150
112 151
113 6
113 8
113 28
113 41
113 45
113 46
113 48
113 57
113 63
113 72
113 75
113 83
113 90
113 98
113 100
113 103
113 104
113 110
113 115
113 142
114 79
114 81
114 90
114 92
114 109
114 115
114 117
114 129
114 142
115 7
115 56
115 57
115 73
115 81
115 92
115 98
115 104
115 109
115 112
115 113
115 114
115 129
115 130
115 142
115 143
115 148
115 164
116 1
116 6
116 7
116 8
116 19
116 20
116 22
116 26
116 28
116 29
116 38
116 55
116 59
116 60
116 61
116 62
116 66
116 69
116 74
116 77
116 86
116 88
116 91
116 106
116 117
116 118
116 119
116 120
116 122
116 124
116 127
116 133
116 139
116 142
116 155
117 1
117 7
117 18
117 19
117 20
117 21
117 22
117 28
117 34
117 38
117 55
117 59
117 61
117 69
117 71
117 73
117 74
117 77
117 103
117 109
117 112
117 114
117 116
117 118
117 119
117 120
117 121
117 122
117 124
117 125
117 133
117 139
117 142
117 159
118 1
118 7
118 9
118 20
118 22
118 38
118 56
118 58
118 61
118 69
118 70
118 73
118 74
118 81
118 105
118 108
118 112
118 116
118 117
118 121
118 124
118 142
118 147
118 155
118 161
119 1
119 7
119 20
119 22
119 29
119 36
119 38
119 69
119 70
119 116
119 117
119 124
119 130
119 142
120 1
120 7
120 9
120 20
120 22
120 34
120 38
120 46
120 58
120 60
120 69
120 72
120 75
120 90
120 95
120 102
120 103
120 108
120 110
120 116
120 117
120 124
120 140
120 142
120 147
120 155
121 24
121 25
121 26
121 27
121 37
121 61
121 73
121 74
121 117
121 118
121 125
121 130
121 142
121 163
121 164
122 1
122 7
122 18
122 20
122 22
122 38
122 69
122 73
122 74
122 75
122 90
122 103
122 116
122 117
122 124
122 142
123 1
123 32
123 36
123 37
123 41
123 48
123 71
123 72
123 76
123 83
123 142
123 159
123 163
124 6
124 8
124 20
124 21
124 28
124 38
124 39
124 63
124 71
124 73
124 74
124 75
124 77
124 79
124 84
124 108
124 116
124 117
124 118
124 119
124 120
124 122
124 125
124 126
124 133
124 139
124 142
125 20
125 25
125 69
125 117
125 121
125 124
125 130
125 142
126 1
126 9
126 32
126 36
126 37
126 75
126 95
126 103
126 124
126 142
126 144
127 1
127 7
127 9
127 18
127 20
127 22
127 48
127 49
127 52
127 56
127 58
127 75
127 81
127 87
127 90
127 108
127 110
127 116
127 140
127 142
127 155
127 156
127 161
128 157
128 168
129 18
129 87
129 114
129 115
129 142
130 7
130 23
130 25
130 30
130 55
130 57
130 61
130 66
130 73
130 81
130 94
130 95
130 97
130 98
130 115
130 119
130 121
130 125
130 131
130 142
130 147
131 1
131 25
131 34
131 40
131 94
131 95
131 96
131 97
131 130
131 142
131 147
132 3
132 4
132 168
133 1
133 7
133 9
133 20
133 22
133 48
133 52
133 56
133 75
133 95
133 107
133 108
133 112
133 116
133 117
133 124
133 142
133 149
133 150
133 151
133 161
134 1
134 48
134 142
135 4
135 14
135 15
135 168
136 1
136 7
136 8
136 9
136 17
136 26
136 31
136 33
136 48
136 52
136 62
136 63
136 72
136 77
136 79
136 80
136 139
136 142
136 145
136 149
136 156
137 0
137 17
137 24
137 36
137 37
137 48
137 50
137 67
137 72
137 75
137 79
137 82
137 102
137 106
137 142
137 145
137 152
137 163
137 165
138 33
138 47
138 93
138 168
139 7
139 9
139 20
139 22
139 36
139 48
139 56
139 67
139 89
139 90
139 107
139 108
139 110
139 116
139 117
139 124
139 136
139 142
139 147
139 155
139 163
140 6
140 55
140 95
140 120
140 127
140 142
140 147
140 155
140 161
141 1
141 41
141 42
141 57
141 58
141 75
141 142
141 145
142 0
142 1
142 6
142 7
142 8
142 9
142 16
142 17
142 18
142 19
142 20
142 21
142 22
142 23
142 24
142 25
142 26
142 27
142 28
142 29
142 30
142 31
142 32
142 33
142 34
142 35
142 36
142 37
142 38
142 39
142 40
142 41
142 42
142 43
142 44
142 45
142 46
142 48
142 49
142 50
142 51
142 52
142 53
142 54
142 55
142 56
142 57
142 58
142 59
142 60
142 61
142 62
142 63
142 64
142 65
142 66
142 67
142 68
142 69
142 70
142 71
142 72
142 73
142 74
142 75
142 76
142 77
142 78
142 79
142 80
142 81
142 82
142 83
142 84
142 85
142 86
142 87
142 88
142 89
142 90
142 91
142 92
142 94
142 95
142 96
142 97
142 98
142 99
142 100
142 101
142 102
142 103
142 104
142 105
142 106
142 107
142 108
142 109
142 110
142 111
142 112
142 113
142 114
142 115
142 116
142 117
142 118
142 119
142 120
142 121
142 122
142 123
142 124
142 125
142 126
142 127
142 129
142 130
142 131
142 133
142 134
142 136
142 137
142 139
142 140
142 141
142 143
142 144
142 145
142 146
142 147
142 148
142 149
142 150
142 151
142 152
142 153
142 154
142 155
142 156
142 157
142 159
142 160
142 161
142 162
142 163
142 164
142 165
142 168
143 0
143 19
143 21
143 30
143 42
143 56
143 89
143 104
143 112
143 115
143 142
143 150
144 0
144 30
144 36
144 37
144 49
144 66
144 92
144 126
144 142
144 145
144 148
145 0
145 1
145 18
145 19
145 30
145 41
145 48
145 52
145 53
145 60
145 63
145 70
145 72
145 78
145 84
145 89
145 136
145 137
145 141
145 142
145 144
145 150
146 0
146 7
146 21
146 23
146 26
146 28
146 38
146 70
146 95
146 104
146 110
146 142
146 149
147 0
147 1
147 7
147 19
147 21
147 22
147 26
147 28
147 31
147 38
147 40
147 41
147 52
147 55
147 56
147 70
147 94
147 95
147 96
147 105
147 106
147 118
147 120
147 130
147 131
147 139
147 140
147 142
147 155
147 164
148 0
148 23
148 36
148 37
148 57
148 98
148 104
148 112
148 115
148 142
148 144
149 0
149 7
149 8
149 17
149 21
149 23
149 26
149 28
149 52
149 53
149 54
149 56
149 57
149 58
149 60
149 62
149 64
149 70
149 77
149 79
149 80
149 89
149 108
149 112
149 133
149 136
149 142
149 146
149 150
149 151
149 155
150 0
150 1
150 7
150 9
150 21
150 23
150 26
150 34
150 41
150 48
150 52
150 56
150 63
150 70
150 72
150 75
150 77
150 80
150 82
150 83
150 86
150 89
150 104
150 112
150 133
150 142
150 143
150 145
150 149
150 159
150 163
151 7
151 19
151 34
151 54
151 64
151 84
151 88
151 108
151 112
151 133
151 142
151 149
151 159
152 36
152 48
152 50
152 63
152 67
152 72
152 106
152 109
152 137
152 142
152 165
153 1
153 20
153 41
153 48
153 58
153 67
153 75
153 90
153 102
153 110
153 142
153 156
153 159
154 18
154 19
154 31
154 59
154 142
155 1
155 9
155 19
155 31
155 33
155 55
155 59
155 60
155 62
155 80
155 91
155 95
155 116
155 118
155 120
155 127
155 139
155 140
155 142
155 147
155 149
155 156
156 1
156 6
156 7
156 8
156 9
156 18
156 19
156 25
156 26
156 27
156 31
156 33
156 48
156 53
156 60
156 62
156 63
156 68
156 72
156 75
156 79
156 80
156 84
156 86
156 90
156 98
156 110
156 127
156 136
156 142
156 153
156 155
156 159
157 62
157 75
157 128
157 142
157 160
158 168
159 1
159 6
159 8
159 9
159 19
159 26
159 31
159 32
159 33
159 34
159 36
159 41
159 46
159 48
159 53
159 63
159 66
159 70
159 72
159 75
159 76
159 80
159 81
159 82
159 84
159 86
159 90
159 92
159 106
159 109
159 110
159 117
159 123
159 142
159 150
159 151
159 153
159 156
159 161
159 163
160 1
160 142
160 157
161 1
161 6
161 9
161 20
161 22
161 25
161 27
161 28
161 34
161 39
161 41
161 48
161 53
161 62
161 63
161 64
161 68
161 73
161 75
161 83
161 88
161 100
161 106
161 107
161 110
161 118
161 127
161 133
161 140
161 142
161 159
162 142
163 6
163 36
163 48
163 62
163 63
163 72
163 81
163 82
163 87
163 92
163 103
163 121
163 123
163 137
163 139
163 142
163 150
163 159
163 165
164 92
164 95
164 109
164 115
164 121
164 142
164 147
165 32
165 36
165 48
165 50
165 63
165 66
165 72
165 76
165 79
165 82
165 92
165 106
165 109
165 137
165 142
165 152
165 163
166 168
167 168
168 2
168 3
168 4
168 5
168 10
168 11
168 12
168 13
168 14
168 15
168 47
168 93
168 128
168 132
168 135
168 138
168 142
168 158
168 166
168 167
168 169
169 66
169 168
