 68.35795971493957
 68.35805555547493
 68.35805555547493
 68.35805555547493
 68.35805555547493
 68.35805555547493
 68.35805555547493
 68.35805555547493
 68.35805555547493
 68.35805555547493
 68.35805555547493
 68.35805555547493
 68.35805555547493
 68.35805555547493
 68.35805555547493
 68.35805555547493
 68.35805555547493
 68.35805555547493
 68.35805555547493
 68.35805555547493
 68.35805555547493
 68.35805555547493
 68.35833333325272
 68.35833333325272
 68.35833333325272
 68.35833333325272
 68.35833333325272
 68.35833333325272
 68.35833333325272
 68.35833333325272
 68.35833333325272
 68.35833333325272
 68.35833333325272
 68.35833333325272
 68.35833333325272
 68.35833333325272
 68.35833333325272
 68.35833333325272
 68.35833333325272
 68.35833333325272
 68.35833333325272
 68.35833333325272
 68.35833333325272
 68.35833333325272
 68.35833333325272
 68.35833333325272
 68.3586111110305
 68.3586111110305
 68.3586111110305
 68.3586111110305
 68.3586111110305
 68.3586111110305
 68.3586111110305
 68.3586111110305
 68.3586111110305
 68.3586111110305
 68.3586111110305
 68.3586111110305
 68.3586111110305
 68.3586111110305
 68.3586111110305
 68.3586111110305
 68.3586111110305
 68.3586111110305
 68.3586111110305
 68.3586111110305
 68.3586111110305
 68.3586111110305
 68.3586111110305
 68.3586111110305
 68.3586111110305
 68.3586111110305
 68.35888888880828
 68.35888888880828
 68.35888888880828
 68.35888888880828
 68.35888888880828
 68.35888888880828
 68.35888888880828
 68.35888888880828
 68.35888888880828
 68.35888888880828
 68.35888888880828
 68.35888888880828
 68.35888888880828
 68.35888888880828
 68.35888888880828
 68.35888888880828
 68.35888888880828
 68.35888888880828
 68.35888888880828
 68.35888888880828
 68.35888888880828
 68.35888888880828
 68.35888888880828
 68.35888888880828
 68.35888888880828
 68.35888888880828
 68.35888888880828
 68.35888888880828
 68.35888888880828
 68.35916666658606
 68.35916666658606
 68.35916666658606
 68.35916666658606
 68.35916666658606
 68.35916666658606
 68.35916666658606
 68.35916666658606
 68.35916666658606
 68.35916666658606
 68.35916666658606
 68.35916666658606
 68.35916666658606
 68.35916666658606
 68.35916666658606
 68.35916666658606
 68.35916666658606
 68.35916666658606
 68.35916666658606
 68.35916666658606
 68.35916666658606
 68.35916666658606
 68.35916666658606
 68.35944444436385
 68.35944444436385
 68.35944444436385
 68.35944444436385
 68.35944444436385
 68.35944444436385
 68.35944444436385
 68.35944444436385
 68.35944444436385
 68.35944444436385
 68.35944444436385
 68.35944444436385
 68.35944444436385
 68.35944444436385
 68.35944444436385
 68.35944444436385
 68.35944444436385
 68.35944444436385
 68.35944444436385
 68.35944444436385
 68.35972222214163
 68.35972222214163
 68.35972222214163
 68.35972222214163
 68.35972222214163
 68.35972222214163
 68.35972222214163
 68.35972222214163
 68.35972222214163
 68.35972222214163
 68.35972222214163
 68.35972222214163
 68.35972222214163
 68.35972222214163
 68.35972222214163
 68.35972222214163
 68.35972222214163
 68.35999999991941
 68.35999999991941
 68.35999999991941
 68.35999999991941
 68.35999999991941
 68.35999999991941
 68.35999999991941
 68.35999999991941
 68.35999999991941
 68.35999999991941
 68.35999999991941
 68.35999999991941
 68.35999999991941
 68.35999999991941
 68.35999999991941
 68.35999999991941
 68.35999999991941
 68.36027777769719
 68.36027777769719
 68.36027777769719
 68.36027777769719
 68.36027777769719
 68.36027777769719
 68.36027777769719
 68.36027777769719
 68.36027777769719
 68.36027777769719
 68.36027777769719
 68.36027777769719
 68.36027777769719
 68.36027777769719
 68.36027777769719
 68.36027777769719
 68.36027777769719
 68.36027777769719
 68.36055555547497
 68.36055555547497
 68.36055555547497
 68.36055555547497
 68.36055555547497
 68.36055555547497
 68.36055555547497
 68.36055555547497
 68.36055555547497
 68.36055555547497
 68.36055555547497
 68.36055555547497
 68.36055555547497
 68.36055555547497
 68.36055555547497
 68.36055555547497
 68.36055555547497
 68.36083333325276
 68.36083333325276
 68.36083333325276
 68.36083333325276
 68.36083333325276
 68.36083333325276
 68.36083333325276
 68.36083333325276
 68.36083333325276
 68.36083333325276
 68.36083333325276
 68.36083333325276
 68.36083333325276
 68.36083333325276
 68.36083333325276
 68.36083333325276
 68.36083333325276
 68.36111111103054
 68.36111111103054
 68.36111111103054
 68.36111111103054
 68.36111111103054
 68.36111111103054
 68.36111111103054
 68.36111111103054
 68.36111111103054
 68.36111111103054
 68.36111111103054
 68.36111111103054
 68.36111111103054
 68.36111111103054
 68.36111111103054
 68.36111111103054
 68.36111111103054
 68.36138888880832
 68.36138888880832
 68.36138888880832
 68.36138888880832
 68.36138888880832
 68.36138888880832
 68.36138888880832
 68.36138888880832
 68.36138888880832
 68.36138888880832
 68.36138888880832
 68.36138888880832
 68.36138888880832
 68.36138888880832
 68.36138888880832
 68.36138888880832
 68.3616666665861
 68.3616666665861
 68.3616666665861
 68.3616666665861
 68.3616666665861
 68.3616666665861
 68.3616666665861
 68.3616666665861
 68.3616666665861
 68.3616666665861
 68.3616666665861
 68.3616666665861
 68.3616666665861
 68.3616666665861
 68.3616666665861
 68.3616666665861
 68.3616666665861
 68.36194444436389
 68.36194444436389
 68.36194444436389
 68.36194444436389
 68.36194444436389
 68.36194444436389
 68.36194444436389
 68.36194444436389
 68.36194444436389
 68.36194444436389
 68.36194444436389
 68.36194444436389
 68.36194444436389
 68.36194444436389
 68.36194444436389
 68.36222222214167
 68.36222222214167
 68.36222222214167
 68.36222222214167
 68.36222222214167
 68.36222222214167
 68.36222222214167
 68.36222222214167
 68.36222222214167
 68.36222222214167
 68.36222222214167
 68.36222222214167
 68.36222222214167
 68.36222222214167
 68.36222222214167
 68.36222222214167
 68.36222222214167
 68.36249999991945
 68.36249999991945
 68.36249999991945
 68.36249999991945
 68.36249999991945
 68.36249999991945
 68.36249999991945
 68.36249999991945
 68.36249999991945
 68.36249999991945
 68.36249999991945
 68.36249999991945
 68.36249999991945
 68.36249999991945
 68.36249999991945
 68.36249999991945
 68.36249999991945
 68.36277777769723
 68.36277777769723
 68.36277777769723
 68.36277777769723
 68.36277777769723
 68.36277777769723
 68.36277777769723
 68.36277777769723
 68.36277777769723
 68.36277777769723
 68.36277777769723
 68.36277777769723
 68.36277777769723
 68.36277777769723
 68.36277777769723
 68.36277777769723
 68.36277777769723
 68.36305555547501
 68.36305555547501
 68.36305555547501
 68.36305555547501
 68.36305555547501
 68.36305555547501
 68.36305555547501
 68.36305555547501
 68.36305555547501
 68.36305555547501
 68.36305555547501
 68.36305555547501
 68.36305555547501
 68.36305555547501
 68.36305555547501
 68.36305555547501
 68.36305555547501
 68.3633333332528
 68.3633333332528
 68.3633333332528
 68.3633333332528
 68.3633333332528
 68.3633333332528
 68.3633333332528
 68.3633333332528
 68.3633333332528
 68.3633333332528
 68.3633333332528
 68.3633333332528
 68.3633333332528
 68.3633333332528
 68.3633333332528
 68.3633333332528
 68.3633333332528
 68.36361111103058
 68.36361111103058
 68.36361111103058
 68.36361111103058
 68.36361111103058
 68.36361111103058
 68.36361111103058
 68.36361111103058
 68.36361111103058
 68.36361111103058
 68.36361111103058
 68.36361111103058
 68.36361111103058
 68.36361111103058
 68.36361111103058
 68.36361111103058
 68.36361111103058
 68.36361111103058
 68.36361111103058
 68.36361111103058
 68.36361111103058
 68.36361111103058
 68.36388888880836
 68.36388888880836
 68.36388888880836
 68.36388888880836
 68.36388888880836
 68.36388888880836
 68.36388888880836
 68.36388888880836
 68.36388888880836
 68.36388888880836
 68.36388888880836
 68.36388888880836
 68.36388888880836
 68.36388888880836
 68.36388888880836
 68.36388888880836
 68.36388888880836
 68.36416666658614
 68.36416666658614
 68.36416666658614
 68.36416666658614
 68.36416666658614
 68.36416666658614
 68.36416666658614
 68.36416666658614
 68.36416666658614
 68.36416666658614
 68.36416666658614
 68.36416666658614
 68.36416666658614
 68.36416666658614
 68.36416666658614
 68.36416666658614
 68.36444444436393
 68.36444444436393
 68.36444444436393
 68.36444444436393
 68.36444444436393
 68.36444444436393
 68.36444444436393
 68.36444444436393
 68.36444444436393
 68.36444444436393
 68.36444444436393
 68.36444444436393
 68.36444444436393
 68.36444444436393
 68.36444444436393
 68.36444444436393
 68.36444444436393
 68.36472222214171
 68.36472222214171
 68.36472222214171
 68.36472222214171
 68.36472222214171
 68.36472222214171
 68.36472222214171
 68.36472222214171
 68.36472222214171
 68.36472222214171
 68.36472222214171
 68.36472222214171
 68.36472222214171
 68.36472222214171
 68.36472222214171
 68.36472222214171
 68.36499999991949
 68.36499999991949
 68.36499999991949
 68.36499999991949
 68.36499999991949
 68.36499999991949
 68.36499999991949
 68.36499999991949
 68.36499999991949
 68.36499999991949
 68.36499999991949
 68.36499999991949
 68.36499999991949
 68.36499999991949
 68.36499999991949
 68.36499999991949
 68.36499999991949
 68.36527777769727
 68.36527777769727
 68.36527777769727
 68.36527777769727
 68.36527777769727
 68.36527777769727
 68.36527777769727
 68.36527777769727
 68.36527777769727
 68.36527777769727
 68.36527777769727
 68.36527777769727
 68.36527777769727
 68.36527777769727
 68.36527777769727
 68.36527777769727
 68.36527777769727
 68.36555555547505
 68.36555555547505
 68.36555555547505
 68.36555555547505
 68.36555555547505
 68.36555555547505
 68.36555555547505
 68.36555555547505
 68.36555555547505
 68.36555555547505
 68.36555555547505
 68.36555555547505
 68.36555555547505
 68.36555555547505
 68.36555555547505
 68.36555555547505
 68.36555555547505
 68.36583333325284
 68.36583333325284
 68.36583333325284
 68.36583333325284
 68.36583333325284
 68.36583333325284
 68.36583333325284
 68.36583333325284
 68.36583333325284
 68.36583333325284
 68.36583333325284
 68.36583333325284
 68.36583333325284
 68.36583333325284
 68.36583333325284
 68.36583333325284
 68.36611111103062
 68.36611111103062
 68.36611111103062
 68.36611111103062
 68.36611111103062
 68.36611111103062
 68.36611111103062
 68.36611111103062
 68.36611111103062
 68.36611111103062
 68.36611111103062
 68.36611111103062
 68.36611111103062
 68.36611111103062
 68.36611111103062
 68.36611111103062
 68.36611111103062
 68.3663888888084
 68.3663888888084
 68.3663888888084
 68.3663888888084
 68.3663888888084
 68.3663888888084
 68.3663888888084
 68.3663888888084
 68.3663888888084
 68.3663888888084
 68.3663888888084
 68.3663888888084
 68.3663888888084
 68.3663888888084
 68.3663888888084
 68.3663888888084
 68.36666666658618
 68.36666666658618
 68.36666666658618
 68.36666666658618
 68.36666666658618
 68.36666666658618
 68.36666666658618
 68.36666666658618
 68.36666666658618
 68.36666666658618
 68.36666666658618
 68.36666666658618
 68.36666666658618
 68.36666666658618
 68.36666666658618
 68.36666666658618
 68.36694444436397
 68.36694444436397
 68.36694444436397
 68.36694444436397
 68.36694444436397
 68.36694444436397
 68.36694444436397
 68.36694444436397
 68.36694444436397
 68.36694444436397
 68.36694444436397
 68.36694444436397
 68.36694444436397
 68.36694444436397
 68.36694444436397
 68.36694444436397
 68.36722222214175
 68.36722222214175
 68.36722222214175
 68.36722222214175
 68.36722222214175
 68.36722222214175
 68.36722222214175
 68.36722222214175
 68.36722222214175
 68.36722222214175
 68.36722222214175
 68.36722222214175
 68.36722222214175
 68.36722222214175
 68.36722222214175
 68.36722222214175
 68.36722222214175
 68.36749999991953
 68.36749999991953
 68.36749999991953
 68.36749999991953
 68.36749999991953
 68.36749999991953
 68.36749999991953
 68.36749999991953
 68.36749999991953
 68.36749999991953
 68.36749999991953
 68.36749999991953
 68.36749999991953
 68.36749999991953
 68.36749999991953
 68.36749999991953
 68.36749999991953
 68.36777777769731
 68.36777777769731
 68.36777777769731
 68.36777777769731
 68.36777777769731
 68.36777777769731
 68.36777777769731
 68.36777777769731
 68.36777777769731
 68.36777777769731
 68.36777777769731
 68.36777777769731
 68.36777777769731
 68.36777777769731
 68.36777777769731
 68.36777777769731
 68.36777777769731
 68.3680555554751
 68.3680555554751
 68.3680555554751
 68.3680555554751
 68.3680555554751
 68.3680555554751
 68.3680555554751
 68.3680555554751
 68.3680555554751
 68.3680555554751
 68.3680555554751
 68.3680555554751
 68.3680555554751
 68.3680555554751
 68.3680555554751
 68.3680555554751
 68.3680555554751
 68.36833333325288
 68.36833333325288
 68.36833333325288
 68.36833333325288
 68.36833333325288
 68.36833333325288
 68.36833333325288
 68.36833333325288
 68.36833333325288
 68.36833333325288
 68.36833333325288
 68.36833333325288
 68.36833333325288
 68.36833333325288
 68.36833333325288
 68.36833333325288
 68.36833333325288
 68.36861111103066
 68.36861111103066
 68.36861111103066
 68.36861111103066
 68.36861111103066
 68.36861111103066
 68.36861111103066
 68.36861111103066
 68.36861111103066
 68.36861111103066
 68.36861111103066
 68.36861111103066
 68.36861111103066
 68.36861111103066
 68.36861111103066
 68.36861111103066
 68.36861111103066
 68.36888888880844
 68.36888888880844
 68.36888888880844
 68.36888888880844
 68.36888888880844
 68.36888888880844
 68.36888888880844
 68.36888888880844
 68.36888888880844
 68.36888888880844
 68.36888888880844
 68.36888888880844
 68.36888888880844
 68.36888888880844
 68.36888888880844
 68.36888888880844
 68.36916666658622
 68.36916666658622
 68.36916666658622
 68.36916666658622
 68.36916666658622
 68.36916666658622
 68.36916666658622
 68.36916666658622
 68.36916666658622
 68.36916666658622
 68.36916666658622
 68.36916666658622
 68.36916666658622
 68.36916666658622
 68.36916666658622
 68.36916666658622
 68.36916666658622
 68.369444444364
 68.369444444364
 68.369444444364
 68.369444444364
 68.369444444364
 68.369444444364
 68.369444444364
 68.369444444364
 68.369444444364
 68.369444444364
 68.369444444364
 68.369444444364
 68.369444444364
 68.369444444364
 68.369444444364
 68.369444444364
 68.369444444364
 68.36972222214179
 68.36972222214179
 68.36972222214179
 68.36972222214179
 68.36972222214179
 68.36972222214179
 68.36972222214179
 68.36972222214179
 68.36972222214179
 68.36972222214179
 68.36972222214179
 68.36972222214179
 68.36972222214179
 68.36972222214179
 68.36972222214179
 68.36972222214179
 68.36972222214179
 68.36999999991957
 68.36999999991957
 68.36999999991957
 68.36999999991957
 68.36999999991957
 68.36999999991957
 68.36999999991957
 68.36999999991957
 68.36999999991957
 68.36999999991957
 68.36999999991957
 68.36999999991957
 68.36999999991957
 68.36999999991957
 68.36999999991957
 68.36999999991957
 68.36999999991957
 68.37027777769735
 68.37027777769735
 68.37027777769735
 68.37027777769735
 68.37027777769735
 68.37027777769735
 68.37027777769735
 68.37027777769735
 68.37027777769735
 68.37027777769735
 68.37027777769735
 68.37027777769735
 68.37027777769735
 68.37027777769735
 68.37027777769735
 68.37027777769735
 68.37055555547514
 68.37055555547514
 68.37055555547514
 68.37055555547514
 68.37055555547514
 68.37055555547514
 68.37055555547514
 68.37055555547514
 68.37055555547514
 68.37055555547514
 68.37055555547514
 68.37055555547514
 68.37055555547514
 68.37055555547514
 68.37055555547514
 68.37055555547514
 68.37055555547514
 68.37083333325292
 68.37083333325292
 68.37083333325292
 68.37083333325292
 68.37083333325292
 68.37083333325292
 68.37083333325292
 68.37083333325292
 68.37083333325292
 68.37083333325292
 68.37083333325292
 68.37083333325292
 68.37083333325292
 68.37083333325292
 68.37083333325292
 68.37083333325292
 68.3711111110307
 68.3711111110307
 68.3711111110307
 68.3711111110307
 68.3711111110307
 68.3711111110307
 68.3711111110307
 68.3711111110307
 68.3711111110307
 68.3711111110307
 68.3711111110307
 68.3711111110307
 68.3711111110307
 68.3711111110307
 68.3711111110307
 68.3711111110307
 68.3711111110307
 68.37138888880848
 68.37138888880848
 68.37138888880848
 68.37138888880848
 68.37138888880848
 68.37138888880848
 68.37138888880848
 68.37138888880848
 68.37138888880848
 68.37138888880848
 68.37138888880848
 68.37138888880848
 68.37138888880848
 68.37138888880848
 68.37138888880848
 68.37138888880848
 68.37138888880848
 68.37166666658626
 68.37166666658626
 68.37166666658626
 68.37166666658626
 68.37166666658626
 68.37166666658626
 68.37166666658626
 68.37166666658626
 68.37166666658626
 68.37166666658626
 68.37166666658626
 68.37166666658626
 68.37166666658626
 68.37166666658626
 68.37166666658626
 68.37166666658626
 68.37166666658626
 68.37194444436405
 68.37194444436405
 68.37194444436405
 68.37194444436405
 68.37194444436405
 68.37194444436405
 68.37194444436405
 68.37194444436405
 68.37194444436405
 68.37194444436405
 68.37194444436405
 68.37194444436405
 68.37194444436405
 68.37194444436405
 68.37194444436405
 68.37194444436405
 68.37194444436405
 68.37222222214183
 68.37222222214183
 68.37222222214183
 68.37222222214183
 68.37222222214183
 68.37222222214183
 68.37222222214183
 68.37222222214183
 68.37222222214183
 68.37222222214183
 68.37222222214183
 68.37222222214183
 68.37222222214183
 68.37222222214183
 68.37222222214183
 68.37222222214183
 68.37222222214183
 68.37249999991961
 68.37249999991961
 68.37249999991961
 68.37249999991961
 68.37249999991961
 68.37249999991961
 68.37249999991961
 68.37249999991961
 68.37249999991961
 68.37249999991961
 68.37249999991961
 68.37249999991961
 68.37249999991961
 68.37249999991961
 68.37249999991961
 68.37249999991961
 68.37249999991961
 68.3727777776974
 68.3727777776974
 68.3727777776974
 68.3727777776974
 68.3727777776974
 68.3727777776974
 68.3727777776974
 68.3727777776974
 68.3727777776974
 68.3727777776974
 68.3727777776974
 68.3727777776974
 68.3727777776974
 68.3727777776974
 68.3727777776974
 68.3727777776974
 68.37305555547518
 68.37305555547518
 68.37305555547518
 68.37305555547518
 68.37305555547518
 68.37305555547518
 68.37305555547518
 68.37305555547518
 68.37305555547518
 68.37305555547518
 68.37305555547518
 68.37305555547518
 68.37305555547518
 68.37305555547518
 68.37305555547518
 68.37305555547518
 68.37333333325296
 68.37333333325296
 68.37333333325296
 68.37333333325296
 68.37333333325296
 68.37333333325296
 68.37333333325296
 68.37333333325296
 68.37333333325296
 68.37333333325296
 68.37333333325296
 68.37333333325296
 68.37333333325296
 68.37333333325296
 68.37333333325296
 68.37333333325296
 68.37361111103074
 68.37361111103074
 68.37361111103074
 68.37361111103074
 68.37361111103074
 68.37361111103074
 68.37361111103074
 68.37361111103074
 68.37361111103074
 68.37361111103074
 68.37361111103074
 68.37361111103074
 68.37361111103074
 68.37361111103074
 68.37361111103074
 68.37361111103074
 68.37388888880852
 68.37388888880852
 68.37388888880852
 68.37388888880852
 68.37388888880852
 68.37388888880852
 68.37388888880852
 68.37388888880852
 68.37388888880852
 68.37388888880852
 68.37388888880852
 68.37388888880852
 68.37388888880852
 68.37388888880852
 68.37388888880852
 68.37388888880852
 68.3741666665863
 68.3741666665863
 68.3741666665863
 68.3741666665863
 68.3741666665863
 68.3741666665863
 68.3741666665863
 68.3741666665863
 68.3741666665863
 68.3741666665863
 68.3741666665863
 68.3741666665863
 68.3741666665863
 68.3741666665863
 68.3741666665863
 68.3741666665863
 68.37444444436409
 68.37444444436409
 68.37444444436409
 68.37444444436409
 68.37444444436409
 68.37444444436409
 68.37444444436409
 68.37444444436409
 68.37444444436409
 68.37444444436409
 68.37444444436409
 68.37444444436409
 68.37444444436409
 68.37444444436409
 68.37444444436409
 68.37444444436409
 68.37472222214187
 68.37472222214187
 68.37472222214187
 68.37472222214187
 68.37472222214187
 68.37472222214187
 68.37472222214187
 68.37472222214187
 68.37472222214187
 68.37472222214187
 68.37472222214187
 68.37472222214187
 68.37472222214187
 68.37472222214187
 68.37472222214187
 68.37472222214187
 68.37499999991965
 68.37499999991965
 68.37499999991965
 68.37499999991965
 68.37499999991965
 68.37499999991965
 68.37499999991965
 68.37499999991965
 68.37499999991965
 68.37499999991965
 68.37499999991965
 68.37499999991965
 68.37499999991965
 68.37499999991965
 68.37499999991965
 68.37499999991965
 68.37527777769743
 68.37527777769743
 68.37527777769743
 68.37527777769743
 68.37527777769743
 68.37527777769743
 68.37527777769743
 68.37527777769743
 68.37527777769743
 68.37527777769743
 68.37527777769743
 68.37527777769743
 68.37527777769743
 68.37527777769743
 68.37527777769743
 68.37527777769743
 68.37555555547522
 68.37555555547522
 68.37555555547522
 68.37555555547522
 68.37555555547522
 68.37555555547522
 68.37555555547522
 68.37555555547522
 68.37555555547522
 68.37555555547522
 68.37555555547522
 68.37555555547522
 68.37555555547522
 68.37555555547522
 68.37555555547522
 68.375833333253
 68.375833333253
 68.375833333253
 68.375833333253
 68.375833333253
 68.375833333253
 68.375833333253
 68.375833333253
 68.375833333253
 68.375833333253
 68.375833333253
 68.375833333253
 68.375833333253
 68.375833333253
 68.37611111103078
 68.37611111103078
 68.37611111103078
 68.37611111103078
 68.37611111103078
 68.37611111103078
 68.37611111103078
 68.37611111103078
 68.37611111103078
 68.37611111103078
 68.37638888880856
 68.37638888880856
 68.37638888880856
 68.37638888880856
 68.37638888880856
 68.37638888880856
 68.37638888880856
 68.37638888880856
 68.37666666658635
 68.37666666658635
 68.37666666658635
 68.37666666658635
 68.37666666658635
 68.37666666658635
 68.37666666658635
 68.37694444436413
 68.37694444436413
 68.37694444436413
 68.37694444436413
 68.37694444436413
 68.37694444436413
 68.37694444436413
 68.37722222214191
 68.37722222214191
 68.37722222214191
 68.37722222214191
 68.37722222214191
 68.37722222214191
 68.37722222214191
 68.37749999991969
 68.37749999991969
 68.37749999991969
 68.37749999991969
 68.37749999991969
 68.37749999991969
 68.37749999991969
 68.37777777769747
 68.37777777769747
 68.37777777769747
 68.37777777769747
 68.37777777769747
 68.37777777769747
 68.37777777769747
 68.37805555547526
 68.37805555547526
 68.37805555547526
 68.37805555547526
 68.37805555547526
 68.37805555547526
 68.37805555547526
 68.37833333325304
 68.37833333325304
 68.37833333325304
 68.37833333325304
 68.37833333325304
 68.37833333325304
 68.37833333325304
 68.37861111103082
 68.37861111103082
 68.37861111103082
 68.37861111103082
 68.37861111103082
 68.37861111103082
 68.37861111103082
 68.3788888888086
 68.3788888888086
 68.3788888888086
 68.3788888888086
 68.3788888888086
 68.3788888888086
 68.3788888888086
 68.37916666658639
 68.37916666658639
 68.37916666658639
 68.37916666658639
 68.37916666658639
 68.37916666658639
 68.37916666658639
 68.37944444436417
 68.37944444436417
 68.37944444436417
 68.37944444436417
 68.37944444436417
 68.37944444436417
 68.37944444436417
 68.37944444436417
 68.37944444436417
 68.37944444436417
 68.37944444436417
 68.37944444436417
 68.37972222214195
 68.37972222214195
 68.37972222214195
 68.37972222214195
 68.37972222214195
 68.37972222214195
 68.37972222214195
 68.37972222214195
 68.37999999991973
 68.37999999991973
 68.37999999991973
 68.37999999991973
 68.37999999991973
 68.37999999991973
 68.37999999991973
 68.37999999991973
 68.38027777769751
 68.38027777769751
 68.38027777769751
 68.38027777769751
 68.38027777769751
 68.38027777769751
 68.38027777769751
 68.38027777769751
 68.3805555554753
 68.3805555554753
 68.3805555554753
 68.3805555554753
 68.3805555554753
 68.3805555554753
 68.3805555554753
 68.38083333325308
 68.38083333325308
 68.38083333325308
 68.38083333325308
 68.38083333325308
 68.38111111103086
 68.38111111103086
 68.38111111103086
 68.38111111103086
 68.38111111103086
 68.38138888880864
 68.38138888880864
 68.38138888880864
 68.38138888880864
 68.38138888880864
 68.38166666658643
 68.38166666658643
 68.38166666658643
 68.38166666658643
 68.38166666658643
 68.38194444436421
 68.38194444436421
 68.38194444436421
 68.38194444436421
 68.38194444436421
 68.38222222214199
 68.38222222214199
 68.38222222214199
 68.38222222214199
 68.38222222214199
 68.38249999991977
 68.38249999991977
 68.38249999991977
 68.38249999991977
 68.38249999991977
 68.38277777769756
 68.38277777769756
 68.38277777769756
 68.38277777769756
 68.38277777769756
 68.38305555547534
 68.38305555547534
 68.38305555547534
 68.38305555547534
 68.38305555547534
 68.38333333325312
 68.38333333325312
 68.38333333325312
 68.38333333325312
 68.38333333325312
 68.3836111110309
 68.3836111110309
 68.3836111110309
 68.3836111110309
 68.3836111110309
 68.38388888880868
 68.38388888880868
 68.38388888880868
 68.38388888880868
 68.38388888880868
 68.38416666658647
 68.38416666658647
 68.38416666658647
 68.38416666658647
 68.38416666658647
 68.38444444436425
 68.38444444436425
 68.38444444436425
 68.38444444436425
 68.38444444436425
 68.38472222214203
 68.38472222214203
 68.38472222214203
 68.38472222214203
 68.38472222214203
 68.38499999991981
 68.38499999991981
 68.38499999991981
 68.38499999991981
 68.38499999991981
 68.3852777776976
 68.3852777776976
 68.3852777776976
 68.3852777776976
 68.3852777776976
 68.38555555547538
 68.38555555547538
 68.38555555547538
 68.38555555547538
 68.38555555547538
 68.38583333325316
 68.38583333325316
 68.38583333325316
 68.38583333325316
 68.38583333325316
 68.38611111103094
 68.38611111103094
 68.38611111103094
 68.38611111103094
 68.38611111103094
 68.38638888880872
 68.38638888880872
 68.38638888880872
 68.38638888880872
 68.38638888880872
 68.3866666665865
 68.3866666665865
 68.3866666665865
 68.3866666665865
 68.3866666665865
 68.38694444436429
 68.38694444436429
 68.38694444436429
 68.38694444436429
 68.38694444436429
 68.38722222214207
 68.38722222214207
 68.38722222214207
 68.38722222214207
 68.38722222214207
 68.38749999991985
 68.38749999991985
 68.38749999991985
 68.38749999991985
 68.38777777769764
 68.38777777769764
 68.38777777769764
 68.38777777769764
 68.38777777769764
 68.38805555547542
 68.38805555547542
 68.38805555547542
 68.38805555547542
 68.38805555547542
 68.3883333332532
 68.3883333332532
 68.3883333332532
 68.3883333332532
 68.3883333332532
 68.38861111103098
 68.38861111103098
 68.38861111103098
 68.38861111103098
 68.38861111103098
 68.38888888880876
 68.38888888880876
 68.38888888880876
 68.38888888880876
 68.38888888880876
 68.38916666658655
 68.38916666658655
 68.38916666658655
 68.38916666658655
 68.38916666658655
 68.38944444436433
 68.38944444436433
 68.38944444436433
 68.38944444436433
 68.38972222214211
 68.38972222214211
 68.38972222214211
 68.38972222214211
 68.38972222214211
 68.3899999999199
 68.3899999999199
 68.3899999999199
 68.3899999999199
 68.3899999999199
 68.39027777769768
 68.39027777769768
 68.39027777769768
 68.39027777769768
 68.39027777769768
 68.39055555547546
 68.39055555547546
 68.39055555547546
 68.39055555547546
 68.39055555547546
 68.39083333325324
 68.39083333325324
 68.39083333325324
 68.39083333325324
 68.39083333325324
 68.39111111103102
 68.39111111103102
 68.39111111103102
 68.39111111103102
 68.39111111103102
 68.3913888888088
 68.3913888888088
 68.3913888888088
 68.3913888888088
 68.3913888888088
 68.39166666658659
 68.39166666658659
 68.39166666658659
 68.39166666658659
 68.39166666658659
 68.39194444436437
 68.39194444436437
 68.39194444436437
 68.39194444436437
 68.39222222214215
 68.39222222214215
 68.39222222214215
 68.39222222214215
 68.39222222214215
 68.39249999991993
 68.39249999991993
 68.39249999991993
 68.39249999991993
 68.39249999991993
 68.39277777769772
 68.39277777769772
 68.39277777769772
 68.39277777769772
 68.3930555554755
 68.3930555554755
 68.3930555554755
 68.3930555554755
 68.3930555554755
 68.39333333325328
 68.39333333325328
 68.39333333325328
 68.39333333325328
 68.39333333325328
 68.39361111103106
 68.39361111103106
 68.39361111103106
 68.39361111103106
 68.39361111103106
 68.39388888880885
 68.39388888880885
 68.39388888880885
 68.39388888880885
 68.39388888880885
 68.39416666658663
 68.39416666658663
 68.39416666658663
 68.39416666658663
 68.39416666658663
 68.39444444436441
 68.39444444436441
 68.39444444436441
 68.39444444436441
 68.39444444436441
 68.39472222214219
 68.39472222214219
 68.39472222214219
 68.39472222214219
 68.39472222214219
 68.39499999991997
 68.39499999991997
 68.39499999991997
 68.39499999991997
 68.39499999991997
 68.39527777769776
 68.39527777769776
 68.39527777769776
 68.39527777769776
 68.39555555547554
 68.39555555547554
 68.39555555547554
 68.39555555547554
 68.39555555547554
 68.39583333325332
 68.39583333325332
 68.39583333325332
 68.39583333325332
 68.39583333325332
 68.3961111110311
 68.3961111110311
 68.3961111110311
 68.3961111110311
 68.3961111110311
 68.39638888880889
 68.39638888880889
 68.39638888880889
 68.39638888880889
 68.41222222214247
 68.41249999992026
 68.41277777769804
 68.41305555547582
 68.4133333332536
 68.41361111103139
 68.41388888880917
 68.41416666658695
 68.41444444436473
 68.41472222214252
 68.4149999999203
 68.41527777769808
 68.41555555547586
 68.4156058946638
 68.41583333325364
 68.41611111103143
 68.41638888880921
 68.41666666658699
 68.41694444436477
 68.41722222214256
 68.41749999992034
 68.41777777769812
 68.4180555554759
 68.41833333325368
 68.41861111103147
 68.41888888880925
 68.41916666658703
 68.41944444436481
 68.4197222221426
 68.41999999992038
 68.42027777769816
 68.42055555547594
 68.42083333325373
 68.42111111103151
 68.42138888880929
 68.42166666658707
 68.42194444436485
 68.42222222214264
 68.42249999992042
 68.4227777776982
 68.42305555547598
 68.42333333325377
 68.42361111103155
 68.42388888880933
 68.42406070757477
 68.42416666658711
 68.4244444443649
 68.42472222214268
 68.42499999992046
 68.42527777769824
 68.42555555547602
 68.4258333332538
 68.42611111103159
 68.42638888880937
 68.42666666658715
 68.42694444436493
 68.42722222214272
 68.4274999999205
 68.42777777769828
 68.42805555547606
 68.42833333325385
 68.42861111103163
 68.42888888880941
 68.45253657577656
 68.48236313881262
 68.49027777769929
 68.49055555547707
 68.49083333325486
 68.49111111103264
 68.49138888881042
 68.4916666665882
 68.49194444436598
 68.49222222214377
 68.49249999992155
 68.49277777769933
 68.49305555547711
 68.4933333332549
 68.49361111103268
 68.49388888881046
 68.49416666658824
 68.49444444436602
 68.4947222221438
 68.49499999992159
 68.49527777769937
 68.49555555547715
 68.49583333325494
 68.49611111103272
 68.4963888888105
 68.49666666658828
 68.49694444436606
 68.49722222214385
 68.49749999992163
 68.49777777769941
 68.4980555554772
 68.49833333325498
 68.49861111103276
 68.49888888881054
 68.49916666658832
 68.4994444443661
 68.49972222214389
 68.49999999992167
 68.50027777769945
 68.50055555547723
 68.50083333325502
 68.5011111110328
 68.50138888881058
 68.50166666658836
 68.50194444436615
 68.50222222214393
 68.50249999992171
 68.50277777769949
 68.50305555547727
 68.50333333325506
 68.50361111103284
 68.50388888881062
 68.5041666665884
 68.50499999992175
 68.50527777769953
 68.50555555547732
 68.5058333332551
 68.50611111103288
 68.50638888881066
 68.50666666658844
 68.50694444436623
 68.50722222214401
 68.50749999992179
 68.50777777769957
 68.50805555547736
 68.50833333325514
 68.50861111103292
 68.5088888888107
 68.50916666658848
 68.50944444436627
 68.50972222214405
 68.50999999992183
 68.51027777769961
 68.5105555554774
 68.51083333325518
 68.51111111103296
 68.51138888881074
 68.51166666658852
 68.5119444443663
 68.51222222214409
 68.51249999992187
 68.51277777769965
 68.51305555547744
 68.51333333325522
 68.513611111033
 68.51388888881078
 68.51416666658857
 68.51444444436635
 68.51472222214413
 68.51499999992191
 68.5152777776997
 68.51555555547748
 68.51583333325526
 68.51611111103304
 68.51638888881082
 68.5166666665886
 68.51694444436639
 68.51722222214417
 68.51749999992195
 68.51777777769973
 68.51805555547752
 68.5183333332553
 68.51861111103308
 68.51888888881086
 68.51916666658865
 68.51944444436643
 68.51972222214421
 68.51999999992199
 68.52027777769977
 68.52055555547756
 68.52083333325534
 68.52111111103312
 68.5213888888109
 68.52166666658869
 68.548055555478
 68.54833333325578
 68.54861111103357
 68.54888888881135
 68.54916666658913
 68.54944444436691
 68.5497222221447
 68.54999999992248
 68.55027777770026
 68.55055555547804
 68.55083333325582
 68.5511111110336
 68.55138888881139
 68.55166666658917
 68.55194444436695
 68.55222222214474
 68.55249999992252
 68.5527777777003
 68.55305555547808
 68.55333333325586
 68.55361111103365
 68.55388888881143
 68.55416666658921
 68.554444444367
 68.55472222214478
 68.55499999992256
 68.55527777770034
 68.55555555547812
 68.5558333332559
 68.55611111103369
 68.55638888881147
 68.55666666658925
 68.55694444436703
 68.55722222214482
 68.5574999999226
 68.55777777770038
 68.55805555547816
 68.55833333325594
 68.55861111103373
 68.55888888881151
 68.55916666658929
 68.55944444436707
 68.55972222214486
 68.55999999992264
 68.56027777770042
 68.5605555554782
 68.56083333325599
 68.56111111103377
 68.56138888881155
 68.56166666658933
 68.56194444436711
 68.5622222221449
 68.56249999992268
 68.56277777770046
 68.56305555547824
 68.56333333325603
 68.56361111103381
 68.56388888881159
 68.56416666658937
 68.56444444436715
 68.56472222214494
 68.56499999992272
 68.56555555547828
 68.56583333325607
 68.56611111103385
 68.56638888881163
 68.56666666658941
 68.5669444443672
 68.56722222214498
 68.56749999992276
 68.56777777770054
 68.56805555547832
 68.5683333332561
 68.56861111103389
 68.56888888881167
 68.56916666658945
 68.56944444436724
 68.56972222214502
 68.5699999999228
 68.57027777770058
 68.57055555547836
 68.57083333325615
 68.57111111103393
 68.57138888881171
 68.5716666665895
 68.57194444436728
 68.57222222214506
 68.57249999992284
 68.57277777770062
 68.5730555554784
 68.57333333325619
 68.57361111103397
 68.57388888881175
 68.57416666658953
 68.57444444436732
 68.5747222221451
 68.57499999992288
 68.57527777770066
 68.57541586075203
 68.57555555547845
 68.57583333325623
 68.57611111103401
 68.57638888881179
 68.57666666658957
 68.57694444436736
 68.57722222214514
 68.57749999992292
 68.5777777777007
 68.57805555547849
 68.57833333325627
 68.57861111103405
 68.57888888881183
 68.57916666658961
 68.5794444443674
 68.57972222214518
 68.57999999992296
 68.58027777770074
 68.58055555547853
 68.58083333325631
 68.58111111103409
 68.58138888881187
 68.58166666658965
 68.58194444436744
 68.58222222214522
 68.65051526208218
 68.65623279616035
 68.65635946353143
 68.66587895839542
 68.66916666659107
 68.66916666659107
 68.66944444436885
 68.66972222214663
 68.6702777777022
 68.67055555547998
 68.67111111103554
 68.67138888881333
 68.67166666659111
 68.67222222214667
 68.67249999992445
 68.67277777770224
 68.67305555548002
 68.6733333332578
 68.67382188413116
 68.67388888881337
 68.67416666659115
 68.67444444436893
 68.67472222214671
 68.6749999999245
 68.67527777770228
 68.67555555548006
 68.67611111103562
 68.6763888888134
 68.67666666659119
 68.67694444436897
 68.67722222214675
 68.67777777770232
 68.67833333325788
 68.67861111103566
 68.67888888881345
 68.6797222221468
 68.67999999992458
 68.67999999992458
 68.67999999992458
 68.68055555548014
 68.6811111110357
 68.68138888881349
 68.68166666659127
 68.68194444436905
 68.68222222214683
 68.6827777777024
 68.68333333325796
 68.68361111103575
 68.68388888881353
 68.68416666659131
 68.68472222214687
 68.68499999992466
 68.68527777770244
 68.685833333258
 68.68638888881357
 68.68666666659135
 68.68694444436913
 68.68694444436913
 68.68722222214691
 68.6874999999247
 68.68777777770248
 68.68805555548026
 68.68805555548026
 68.68833333325804
 68.68833333325804
 68.68861111103583
 68.68888888881361
 68.68916666659139
 68.68944444436917
 68.68944444436917
 68.68972222214695
 68.68972222214695
 68.68999999992474
 68.68999999992474
 68.69027777770252
 68.6905555554803
 68.6905555554803
 68.69111111103587
 68.69111111103587
 68.69138888881365
 68.69138888881365
 68.69166666659143
 68.69166666659143
 68.69194444436921
 68.692222222147
 68.692222222147
 68.69249999992478
 68.69249999992478
 68.69277777770256
 68.69277777770256
 68.69298163457573
 68.69305555548034
 68.69305555548034
 68.69333333325812
 68.69333333325812
 68.6936111110359
 68.69388888881369
 68.69388888881369
 68.69416666659147
 68.69444444436925
 68.69444444436925
 68.69444444436925
 68.69444444436925
 68.69444444436925
 68.69472222214704
 68.69472222214704
 68.69472222214704
 68.69499999992482
 68.69499999992482
 68.69499999992482
 68.6952777777026
 68.6952777777026
 68.6952777777026
 68.69555555548038
 68.69555555548038
 68.69583333325816
 68.69583333325816
 68.69611111103595
 68.69611111103595
 68.69611111103595
 68.69638888881373
 68.69638888881373
 68.69638888881373
 68.69666666659151
 68.69666666659151
 68.69666666659151
 68.6969444443693
 68.6969444443693
 68.6969444443693
 68.69722222214708
 68.69722222214708
 68.69722222214708
 68.69749999992486
 68.69749999992486
 68.69777777770264
 68.69777777770264
 68.69805555548042
 68.69805555548042
 68.6983333332582
 68.6983333332582
 68.69861111103599
 68.69861111103599
 68.69888888881377
 68.69888888881377
 68.69916666659155
 68.69916666659155
 68.69944444436933
 68.69944444436933
 68.69972222214712
 68.69972222214712
 68.6999999999249
 68.6999999999249
 68.70027777770268
 68.70027777770268
 68.70055555548046
 68.70055555548046
 68.70062806152357
 68.70083333325825
 68.70083333325825
 68.70111111103603
 68.70111111103603
 68.70138888881381
 68.70138888881381
 68.70166666659159
 68.70166666659159
 68.70194444436937
 68.70194444436937
 68.70222222214716
 68.70222222214716
 68.70249999992494
 68.70249999992494
 68.70277777770272
 68.70277777770272
 68.7030555554805
 68.7030555554805
 68.70333333325829
 68.70333333325829
 68.70361111103607
 68.70361111103607
 68.70388888881385
 68.70388888881385
 68.70416666659163
 68.70416666659163
 68.70444444436941
 68.70444444436941
 68.7047222221472
 68.7047222221472
 68.70499999992498
 68.70499999992498
 68.70527777770276
 68.70527777770276
 68.70555555548054
 68.70555555548054
 68.70583333325833
 68.70583333325833
 68.70611111103611
 68.70611111103611
 68.70638888881389
 68.70638888881389
 68.70666666659167
 68.70666666659167
 68.70694444436946
 68.70694444436946
 68.70722222214724
 68.70722222214724
 68.70749999992502
 68.70749999992502
 68.7077777777028
 68.7077777777028
 68.70805555548058
 68.70805555548058
 68.70833333325837
 68.70833333325837
 68.70861111103615
 68.70861111103615
 68.70888888881393
 68.70888888881393
 68.70916666659171
 68.70916666659171
 68.7094444443695
 68.7094444443695
 68.70972222214728
 68.70972222214728
 68.70999999992506
 68.70999999992506
 68.71027777770284
 68.71027777770284
 68.71055555548062
 68.71055555548062
 68.7108333332584
 68.7108333332584
 68.71111111103619
 68.71111111103619
 68.71138888881397
 68.71138888881397
 68.72453698938902
 68.74159079944319
 68.76638888881486
 68.76666666659264
 68.76682450484235
 68.76694444437042
 68.7672222221482
 68.76749999992599
 68.76777777770377
 68.76805555548155
 68.76833333325933
 68.76861111103712
 68.7688888888149
 68.76916666659268
 68.76944444437046
 68.76972222214825
 68.76999999992603
 68.77027777770381
 68.77027777770381
 68.77027777770381
 68.7705555554816
 68.7705555554816
 68.77083333325938
 68.77083333325938
 68.77111111103716
 68.77111111103716
 68.77138888881494
 68.77138888881494
 68.77166666659272
 68.77166666659272
 68.7719444443705
 68.7719444443705
 68.77222222214829
 68.77222222214829
 68.77249999992607
 68.77249999992607
 68.77277777770385
 68.77277777770385
 68.77305555548163
 68.77305555548163
 68.77333333325942
 68.77333333325942
 68.7736111110372
 68.7736111110372
 68.77388888881498
 68.77388888881498
 68.77416666659276
 68.77416666659276
 68.77444444437054
 68.77444444437054
 68.77472222214833
 68.77472222214833
 68.77499999992611
 68.77499999992611
 68.77527777770389
 68.77527777770389
 68.77555555548167
 68.77555555548167
 68.77583333325946
 68.77583333325946
 68.77611111103724
 68.77611111103724
 68.77638888881502
 68.77638888881502
 68.7766666665928
 68.7766666665928
 68.77694444437059
 68.77694444437059
 68.77722222214837
 68.77722222214837
 68.77749999992615
 68.77749999992615
 68.77777777770393
 68.77777777770393
 68.77805555548171
 68.77805555548171
 68.7783333332595
 68.7783333332595
 68.77861111103728
 68.77861111103728
 68.77888888881506
 68.77888888881506
 68.77916666659284
 68.77916666659284
 68.77944444437063
 68.77944444437063
 68.77972222214841
 68.77972222214841
 68.77999999992619
 68.77999999992619
 68.78027777770397
 68.78027777770397
 68.78055555548175
 68.78055555548175
 68.78083333325954
 68.78083333325954
 68.78111111103732
 68.78111111103732
 68.7813888888151
 68.7813888888151
 68.78166666659288
 68.78166666659288
 68.78194444437067
 68.78194444437067
 68.78222222214845
 68.78222222214845
 68.78249999992623
 68.78249999992623
 68.78277777770401
 68.78277777770401
 68.7830555554818
 68.7830555554818
 68.78333333325958
 68.78361111103736
 68.78388888881514
 68.78416666659292
 68.7844444443707
 68.78472222214849
 68.78499999992627
 68.78527777770405
 68.78555555548184
 68.78583333325962
 68.7861111110374
 68.78638888881518
 68.78666666659296
 68.78694444437075
 68.78722222214853
 68.82382379573451
 68.84260135837033
 68.86825273194184
 68.91490689076154
 68.91979877619823
 68.94084565038318
 68.96833333326256
 68.96861111104035
 68.96888888881813
 68.96916666659591
 68.96944444437369
 68.96972222215147
 68.96999999992926
 68.97027777770704
 68.97055555548482
 68.9708333332626
 68.97111111104039
 68.97138888881817
 68.97166666659595
 68.97194444437373
 68.97222222215152
 68.9724999999293
 68.97277777770708
 68.97305555548486
 68.97333333326264
 68.97361111104043
 68.97388888881821
 68.97416666659599
 68.9743633461339
 68.97444444437377
 68.97472222215156
 68.97499999992934
 68.97527777770712
 68.9755555554849
 68.97583333326268
 68.97611111104047
 68.97638888881825
 68.97666666659603
 68.97694444437381
 68.9772222221516
 68.97749999992938
 68.97777777770716
 68.97805555548494
 68.97833333326273
 68.97861111104051
 68.97861191329261
 68.97888888881829
 68.97916666659607
 68.97944444437385
 68.97972222215164
 68.97999999992942
 68.9802777777072
 68.98055555548498
 68.98083333326277
 68.98111111104055
 68.98138888881833
 68.98166666659611
 68.9819444443739
 68.98222222215168
 68.98249999992946
 68.98277777770724
 68.98305555548502
 68.9833333332628
 68.98361111104059
 68.98388888881837
 68.98416666659615
 68.98444444437393
 68.98472222215172
 68.9849999999295
 69.00342480984484
 69.05138888881946
 69.05166666659724
 69.05194444437502
 69.0522222221528
 69.05249999993059
 69.05277777770837
 69.05305555548615
 69.05333333326394
 69.05361111104172
 69.0538888888195
 69.05416666659728
 69.05444444437506
 69.05472222215285
 69.05499999993063
 69.05527777770841
 69.0555555554862
 69.05583333326398
 69.05611111104176
 69.05638888881954
 69.05666666659732
 69.0569444443751
 69.05722222215289
 69.05749999993067
 69.05777777770845
 69.05805555548623
 69.05833333326402
 69.0586111110418
 69.05888888881958
 69.05916666659736
 69.05944444437515
 69.05972222215293
 69.05999999993071
 69.06027777770849
 69.06055555548627
 69.06083333326406
 69.06111111104184
 69.06138888881962
 69.0616666665974
 69.06176128519405
 69.06194444437519
 69.06217127686195
 69.06222222215297
 69.06249999993075
 69.06277777770853
 69.06305555548632
 69.0633333332641
 69.06361111104188
 69.06388888881966
 69.06416666659744
 69.06444444437523
 69.07156621107197
 69.07459308863886
 69.07760548383844
 69.0829538372707
 69.09095399066815
 69.09207492651083
 69.0930555554868
 69.09333333326458
 69.09361111104236
 69.09388888882015
 69.09416666659793
 69.09444444437571
 69.0947222221535
 69.09499999993128
 69.09527777770906
 69.09555555548684
 69.09583333326462
 69.0961111110424
 69.09638888882019
 69.09666666659797
 69.09694444437575
 69.09722222215353
 69.09749999993132
 69.0977777777091
 69.09805555548688
 69.09833333326466
 69.09861111104244
 69.09888888882023
 69.09916666659801
 69.09944444437579
 69.09972222215357
 69.09999999993136
 69.10027777770914
 69.10055555548692
 69.1008333332647
 69.10111111104248
 69.10138888882027
 69.10166666659805
 69.10194444437583
 69.10222222215361
 69.1024999999314
 69.10277777770918
 69.10305555548696
 69.10333333326474
 69.10361111104253
 69.10388888882031
 69.10416666659809
 69.10444444437587
 69.10472222215365
 69.10499999993144
 69.10527777770922
 69.105555555487
 69.10583333326478
 69.10611111104257
 69.10638888882035
 69.10666666659813
 69.10694444437591
 69.1072222221537
 69.10749999993148
 69.10777777770926
 69.10805555548704
 69.10833333326482
 69.1086111110426
 69.10888888882039
 69.10916666659817
 69.10944444437595
 69.10972222215374
 69.15312476663232
 69.17252180599542
 69.17708655174444
 69.27552519624744
 69.29463624180792
 69.29596659683122
 69.32111111104604
 69.32138888882382
 69.3216666666016
 69.32194444437938
 69.32222222215717
 69.32249999993495
 69.32277777771273
 69.32305555549051
 69.3233333332683
 69.32361111104608
 69.32388888882386
 69.32416666660164
 69.3242185345876
 69.32444444437942
 69.3247222221572
 69.32499999993499
 69.32527777771277
 69.32527777771277
 69.32555555549055
 69.32555555549055
 69.32583333326833
 69.32583333326833
 69.32611111104612
 69.32611111104612
 69.32611111104612
 69.32611111104612
 69.3263888888239
 69.3263888888239
 69.3263888888239
 69.32666666660168
 69.32666666660168
 69.32666666660168
 69.32694444437946
 69.32694444437946
 69.32694444437946
 69.32722222215725
 69.32722222215725
 69.32722222215725
 69.32749999993503
 69.32749999993503
 69.32749999993503
 69.32777777771281
 69.32777777771281
 69.32777777771281
 69.3280555554906
 69.3280555554906
 69.3280555554906
 69.32833333326838
 69.32833333326838
 69.32833333326838
 69.32861111104616
 69.32861111104616
 69.32861111104616
 69.32888888882394
 69.32888888882394
 69.32888888882394
 69.32916666660172
 69.32916666660172
 69.32916666660172
 69.3294444443795
 69.3294444443795
 69.3294444443795
 69.32972222215729
 69.32972222215729
 69.32972222215729
 69.32999999993507
 69.32999999993507
 69.32999999993507
 69.33027777771285
 69.33027777771285
 69.33027777771285
 69.33055555549063
 69.33055555549063
 69.33055555549063
 69.33083333326842
 69.33083333326842
 69.33083333326842
 69.3311111110462
 69.3311111110462
 69.3311111110462
 69.33138888882398
 69.33138888882398
 69.33138888882398
 69.33166666660176
 69.33166666660176
 69.33166666660176
 69.33194444437954
 69.33194444437954
 69.33194444437954
 69.33222222215733
 69.33222222215733
 69.33222222215733
 69.33249999993511
 69.33249999993511
 69.33249999993511
 69.33277777771289
 69.33277777771289
 69.33277777771289
 69.33305555549067
 69.33305555549067
 69.33305555549067
 69.33333333326846
 69.33333333326846
 69.33333333326846
 69.33361111104624
 69.33361111104624
 69.33361111104624
 69.33388888882402
 69.33388888882402
 69.33388888882402
 69.3341666666018
 69.3341666666018
 69.3341666666018
 69.33444444437959
 69.33444444437959
 69.33444444437959
 69.33472222215737
 69.33472222215737
 69.33472222215737
 69.33499999993515
 69.33499999993515
 69.33499999993515
 69.33527777771293
 69.33527777771293
 69.33527777771293
 69.33555555549071
 69.33555555549071
 69.33555555549071
 69.3358333332685
 69.3358333332685
 69.3358333332685
 69.33611111104628
 69.33611111104628
 69.33611111104628
 69.33638888882406
 69.33638888882406
 69.33638888882406
 69.33666666660184
 69.33666666660184
 69.33666666660184
 69.33694444437963
 69.33694444437963
 69.33694444437963
 69.33722222215741
 69.33722222215741
 69.33722222215741
 69.33749999993519
 69.33749999993519
 69.33749999993519
 69.33777777771297
 69.33777777771297
 69.33777777771297
 69.33805555549075
 69.33805555549075
 69.33805555549075
 69.33833333326854
 69.33833333326854
 69.33833333326854
 69.33861111104632
 69.33861111104632
 69.33861111104632
 69.3388888888241
 69.3388888888241
 69.3388888888241
 69.33916666660188
 69.33916666660188
 69.33916666660188
 69.33944444437967
 69.33944444437967
 69.33944444437967
 69.33972222215745
 69.33972222215745
 69.33972222215745
 69.33999999993523
 69.33999999993523
 69.33999999993523
 69.34027777771301
 69.34027777771301
 69.34027777771301
 69.3405555554908
 69.3405555554908
 69.3405555554908
 69.34083333326858
 69.34083333326858
 69.34083333326858
 69.34111111104636
 69.34111111104636
 69.34111111104636
 69.34138888882414
 69.34138888882414
 69.34138888882414
 69.34166666660192
 69.34166666660192
 69.34166666660192
 69.3419444443797
 69.3419444443797
 69.3419444443797
 69.34222222215749
 69.34222222215749
 69.34249999993527
 69.34249999993527
 69.34277777771305
 69.34277777771305
 69.34305555549084
 69.35477432903286
 69.36517438381821
 69.36870965710392
 69.37785696129177
 69.38050660638712
 69.39714571528684
 69.40747674206376
 69.40974375221313
 69.41058019604029
 69.41731174660968
 69.42555555555556
 69.42583333333334
 69.42611111111113
 69.42638888888891
 69.42666666666669
 69.42694444444447
 69.42722222222226
 69.42750000000004
 69.42777777777782
 69.4280555555556
 69.42833333333338
 69.42861111111117
 69.42888888888895
 69.42916666666673
 69.42944444444451
 69.4297222222223
 69.43000000000008
 69.43561803389484
 69.46951681549513
 69.53042358383996
 69.54083211329745
 69.55921605852822
 69.62944444444774
 69.62972222222552
 69.6300000000033
 69.63027777778109
 69.63055555555887
 69.63083333333665
 69.63111111111444
 69.63138888889222
 69.63166666667
 69.63194444444778
 69.63222222222556
 69.63250000000335
 69.63277777778113
 69.63305555555891
 69.6333333333367
 69.63361111111448
 69.63388888889226
 69.63416666667004
 69.63444444444782
 69.6347222222256
 69.63500000000339
 69.63527777778117
 69.63555555555895
 69.63583333333673
 69.63611111111452
 69.6363888888923
 69.63666666667008
 69.63694444444786
 69.63722222222565
 69.63750000000343
 69.63777777778121
 69.63805555555899
 69.63833333333677
 69.63861111111456
 69.63888888889234
 69.63916666667012
 69.6394444444479
 69.63972222222569
 69.64000000000347
 69.64027777778125
 69.64055555555903
 69.64083333333681
 69.6411111111146
 69.64138888889238
 69.64166666667016
 69.64194444444794
 69.64222222222573
 69.64250000000351
 69.64277777778129
 69.64305555555907
 69.64333333333686
 69.64361111111464
 69.64388888889242
 69.6441666666702
 69.64444444444798
 69.64472222222577
 69.64500000000355
 69.64527777778133
 69.64555555555911
 69.6458333333369
 69.64611111111468
 69.64861111111472
 69.6488888888925
 69.64916666667028
 69.64944444444806
 69.64972222222585
 69.65000000000363
 69.65027777778141
 69.6505555555592
 69.65083333333698
 69.65111111111476
 69.65138888889254
 69.65166666667032
 69.6519444444481
 69.65222222222589
 69.65250000000367
 69.65277777778145
 69.65305555555923
 69.65333333333702
 69.6536111111148
 69.65388888889258
 69.65416666667036
 69.65444444444815
 69.65472222222593
 69.65500000000371
 69.65527777778149
 69.65555555555927
 69.65583333333706
 69.65611111111484
 69.65638888889262
 69.6566666666704
 69.65694444444819
 69.65722222222597
 69.65750000000375
 69.65777777778153
 69.65805555555932
 69.6583333333371
 69.65861111111488
 69.65888888889266
 69.65916666667044
 69.65944444444823
 69.65972222222601
 69.66000000000379
 69.66027777778157
 69.66055555555936
 69.66083333333714
 69.66111111111492
 69.6613888888927
 69.66166666667048
 69.66194444444827
 69.66222222222605
 69.66250000000383
 69.66277777778161
 69.6630555555594
 69.66333333333718
 69.66361111111496
 69.66388888889274
 69.66416666667052
 69.6644444444483
 69.66472222222609
 69.66500000000387
 69.66527777778165
 69.67805555555964
 69.67833333333742
 69.6786111111152
 69.67888888889298
 69.67916666667077
 69.67944444444855
 69.67972222222633
 69.68000000000411
 69.6802777777819
 69.68055555555968
 69.68083333333746
 69.68111111111524
 69.68138888889303
 69.68166666667081
 69.68194444444859
 69.68222222222637
 69.68250000000415
 69.68277777778194
 69.68305555555972
 69.6833333333375
 69.68361111111528
 69.68388888889307
 69.68416666667085
 69.68794090114231
 69.68945991255853
 69.72212174276119
 69.74638888889407
 69.74666666667186
 69.74694444444964
 69.74722222222742
 69.7475000000052
 69.74777777778299
 69.74805555556077
 69.74833333333855
 69.74861111111633
 69.74888888889411
 69.7491666666719
 69.74944444444968
 69.74972222222746
 69.75000000000524
 69.75027777778303
 69.75055555556081
 69.75083333333859
 69.75111111111637
 69.75138888889416
 69.75166666667194
 69.75194444444972
 69.7522222222275
 69.75250000000528
 69.75277777778307
 69.75305555556085
 69.75333333333863
 69.75361111111641
 69.7538888888942
 69.75416666667198
 69.75444444444976
 69.75472222222754
 69.75500000000532
 69.7552777777831
 69.75555555556089
 69.75583333333867
 69.75611111111645
 69.75638888889424
 69.75666666667202
 69.7569444444498
 69.75722222222758
 69.75750000000536
 69.75777777778315
 69.75805555556093
 69.75833333333871
 69.7586111111165
 69.75888888889428
 69.75916666667206
 69.75944444444984
 69.75972222222762
 69.7600000000054
 69.76027777778319
 69.76055555556097
 69.76083333333875
 69.76111111111653
 69.76138888889432
 69.7616666666721
 69.76194444444988
 69.76222222222766
 69.76250000000545
 69.76277777778323
 69.76305555556101
 69.76333333333879
 69.76665388557798
 69.77428335256947
 69.78019479736311
 69.79166666667258
 69.79194444445037
 69.79222222222815
 69.79250000000593
 69.79277777778371
 69.7930555555615
 69.79333333333928
 69.79361111111706
 69.79388888889484
 69.79416666667262
 69.7944444444504
 69.79472222222819
 69.79500000000597
 69.79527777778375
 69.79555555556153
 69.79583333333932
 69.7961111111171
 69.79638888889488
 69.79666666667266
 69.79694444445045
 69.79722222222823
 69.79750000000601
 69.79777777778379
 69.79805555556158
 69.79833333333936
 69.79861111111714
 69.79888888889492
 69.7991666666727
 69.79944444445049
 69.79972222222827
 69.80000000000605
 69.80027777778383
 69.80055555556162
 69.8008333333394
 69.80111111111718
 69.80138888889496
 69.80166666667274
 69.80194444445053
 69.80222222222831
 69.80250000000609
 69.80277777778387
 69.80305555556166
 69.80333333333944
 69.80361111111722
 69.803888888895
 69.80416666667278
 69.80444444445057
 69.80472222222835
 69.80500000000613
 69.80527777778391
 69.8055555555617
 69.80583333333948
 69.80611111111726
 69.80638888889504
 69.80666666667283
 69.80694444445061
 69.80722222222839
 69.80750000000617
 69.80777777778395
 69.80805555556174
 69.80833333333952
 69.8086111111173
 69.80888888889508
 69.80916666667287
 69.80944444445065
 69.8447524002839
 69.85120933978608
 69.86388888889597
 69.89027777778529
 69.89055555556307
 69.89083333334085
 69.89111111111863
 69.89138888889642
 69.8916666666742
 69.89194444445198
 69.89222222222976
 69.89250000000754
 69.89277777778533
 69.89305555556311
 69.89333333334089
 69.89361111111867
 69.89388888889646
 69.89416666667424
 69.89444444445202
 69.8947222222298
 69.89500000000758
 69.89527777778537
 69.89555555556315
 69.89583333334093
 69.89611111111871
 69.8963888888965
 69.89666666667428
 69.89694444445206
 69.89722222222984
 69.89750000000762
 69.89777777778541
 69.89805555556319
 69.89833333334097
 69.89861111111875
 69.89888888889654
 69.89916666667432
 69.8994444444521
 69.89972222222988
 69.90000000000767
 69.90027777778545
 69.90055555556323
 69.90083333334101
 69.9011111111188
 69.90138888889658
 69.90166666667436
 69.90194444445214
 69.90222222222992
 69.9025000000077
 69.90277777778549
 69.90305555556327
 69.90333333334105
 69.90361111111883
 69.90388888889662
 69.9041666666744
 69.90444444445218
 69.90472222222996
 69.90500000000775
 69.90527777778553
 69.90555555556331
 69.90583333334109
 69.90611111111888
 69.90638888889666
 69.90666666667444
 69.90694444445222
 69.97714913213618
 69.99597643020637
 70.06157056327858
 70.06825585616382
 70.08063579705595
 70.0819602340667
 70.0851673047805
 70.09759879462806
 70.11305555556666
 70.14009059958143
 70.18089202588249
 70.22055309006092
 70.23350668290841
 70.23663826142594
 70.24447874499107
 70.2756662042947
 70.28027777777778
 70.28055555555557
 70.28083333333335
 70.28111111111113
 70.28138888888891
 70.2816666666667
 70.28194444444448
 70.28222222222226
 70.28250000000004
 70.28277777777782
 70.2830555555556
 70.28333333333339
 70.28361111111117
 70.28388888888895
 70.28416666666674
 70.28444444444452
 70.2847222222223
 70.28500000000008
 70.28527777777786
 70.28555555555565
 70.28583333333343
 70.28611111111121
 70.286388888889
 70.28666666666678
 70.28694444444456
 70.28722222222234
 70.28750000000012
 70.2877777777779
 70.28805555555569
 70.28833333333347
 70.28861111111125
 70.28888888888903
 70.28916666666682
 70.2894444444446
 70.28972222222238
 70.29000000000016
 70.29027777777794
 70.29055555555573
 70.29083333333351
 70.29111111111129
 70.29138888888907
 70.29166666666686
 70.29194444444464
 70.29222222222242
 70.2925000000002
 70.29277777777799
 70.29305555555577
 70.29333333333355
 70.29361111111133
 70.29388888888911
 70.2941666666669
 70.29444444444468
 70.29472222222246
 70.29500000000024
 70.29527777777803
 70.29555555555581
 70.29583333333359
 70.29611111111137
 70.29638888888915
 70.29666666666694
 70.29694444444472
 70.36297698839893
 70.39870810946755
 70.47548838209808
 70.4769903532585
 70.48608367474678
 70.52836774070701
 70.54446884298012
 70.5444738423496
 70.56077636050145
 70.56340230710896
 70.56647250439502
 70.5726242732164
 70.60377317590893
 70.61233066562677
 70.63461829889083
 70.64166666666667
 70.64194444444445
 70.64222222222223
 70.64250000000001
 70.6427777777778
 70.64305555555558
 70.64333333333336
 70.64361111111114
 70.64388888888892
 70.6441666666667
 70.64444444444449
 70.64472222222227
 70.64500000000005
 70.64527777777784
 70.64555555555562
 70.6458333333334
 70.64611111111118
 70.64638888888896
 70.64666666666675
 70.64694444444453
 70.64722222222231
 70.6475000000001
 70.64777777777788
 70.64805555555566
 70.64833333333344
 70.64861111111122
 70.648888888889
 70.64916666666679
 70.64944444444457
 70.64972222222235
 70.65000000000013
 70.65027777777792
 70.6505555555557
 70.65083333333348
 70.65111111111126
 70.65138888888904
 70.65166666666683
 70.65194444444461
 70.65222222222239
 70.65250000000017
 70.65277777777796
 70.65305555555574
 70.65333333333352
 70.6536111111113
 70.65388888888909
 70.65416666666687
 70.65444444444465
 70.65472222222243
 70.65500000000021
 70.655277777778
 70.65555555555578
 70.65583333333356
 70.65611111111134
 70.65638888888913
 70.65666666666691
 70.65694444444469
 70.65722222222247
 70.65750000000025
 70.65777777777804
 70.65805555555582
 70.6583333333336
 70.67599298719536
 70.67846707683198
 70.69763384229653
 70.76205641170411
 70.89305555555555
 70.89702681713834
 70.93528979986539
 71.00934344471152
 71.01285627618526
 71.02015456932783
 71.02555555555556
 71.08475336833735
 71.09816688255786
 71.12960222807867
 71.13500029863285
 71.14243917352148
 71.16186786232764
 71.19558306205285
 71.20452027395325
 71.25027777777778
 71.25055555555556
 71.25083333333335
 71.25111111111113
 71.25138888888891
 71.2516666666667
 71.25194444444448
 71.25222222222226
 71.25250000000004
 71.25277777777782
 71.2530555555556
 71.25333333333339
 71.25361111111117
 71.25388888888895
 71.25416666666673
 71.25444444444452
 71.2547222222223
 71.25500000000008
 71.25527777777786
 71.25555555555565
 71.25583333333343
 71.25611111111121
 71.25638888888899
 71.25666666666677
 71.25694444444456
 71.25722222222234
 71.25750000000012
 71.2577777777779
 71.25805555555569
 71.25833333333347
 71.25861111111125
 71.25888888888903
 71.25916666666681
 71.2594444444446
 71.25972222222238
 71.26000000000016
 71.26027777777794
 71.26055555555573
 71.26083333333351
 71.26111111111129
 71.26138888888907
 71.26166666666686
 71.26194444444464
 71.26222222222242
 71.2625000000002
 71.26277777777798
 71.26305555555577
 71.26333333333355
 71.26361111111133
 71.26388888888911
 71.2641666666669
 71.26444444444468
 71.26472222222246
 71.26500000000024
 71.26527777777802
 71.2655555555558
 71.26583333333359
 71.26611111111137
 71.26638888888915
 71.26666666666694
 71.26694444444472
 71.28304602398711
 71.29438235680429
 71.3098093899571
 71.32128414956745
 71.41957297098361
 71.43204763833337
 71.45028043276048
 71.52016533688713
 71.53796436077246
 71.5598072843801
 71.59108328301886
 71.60527604034068
 71.61734684768513
 71.63352224639625
 71.6467566221165
 71.70662155656545
 71.70687530850567
 71.7274518570339
 71.72968828056163
 71.73175932639835
 71.76785018694147
 71.79142691605543
 71.87692345359959
 71.88891933061221
 71.92437401059533
 71.92980814463422
 71.97471786782364
 71.98637157110316
 71.98941134125153
 72.0124677019748
 72.0457080133211
 72.05675680956095
 72.12724873822664
 72.13887381126167
 72.14031680060809
 72.19724918800165
 72.22123205939437
 72.23147376548403
 72.2903404712723
 72.3039860928402
 72.43388635069071
 72.48805555555556
 72.48833333333334
 72.48861111111113
 72.48888888888891
 72.48916666666669
 72.48944444444447
 72.48972222222226
 72.49000000000004
 72.49027777777782
 72.4905555555556
 72.49083333333338
 72.49111111111117
 72.49138888888895
 72.49166666666673
 72.49194444444451
 72.4922222222223
 72.49250000000008
 72.49277777777786
 72.49305555555564
 72.49333333333342
 72.4936111111112
 72.49388888888899
 72.49416666666677
 72.49444444444455
 72.49472222222234
 72.49500000000012
 72.4952777777779
 72.49555555555568
 72.49583333333347
 72.49611111111125
 72.49638888888903
 72.49666666666681
 72.4969444444446
 72.49722222222238
 72.49750000000016
 72.49777777777794
 72.49805555555572
 72.4983333333335
 72.49861111111129
 72.49888888888907
 72.49916666666685
 72.49944444444463
 72.49981590042044
 72.50468690989655
 72.51733170124828
 72.51996533250997
 72.56760956841481
 72.60575798328021
 72.60654227808799
 72.60871339153607
 72.62179491647402
 72.63368856590242
 72.63711084570299
 72.63916666666911
 72.6729659891073
 72.70171779669512
 72.71511411518952
 72.7361635547864
 72.74500471879198
 72.79120878001291
 72.81263347978135
 72.88176872490915
 72.90686462747072
 73.05101914300559
 73.07246870079352
 73.09938236495735
 73.12366586032213
 73.13720940992468
 73.14558836952764
 73.1513784020996
 73.1566062194237
 73.25156714522711
 73.28617432962166
 73.31414286248706
 73.35877330920653
 73.36210060209572
 73.37910506155242
 73.38973079045472
 73.39136368042503
 73.44352728134794
 73.47573595328272
 73.50886330814136
 73.65527738237729
 73.66363174399078
 73.66975420954111
 73.7127893511814
 73.7247226197649
 73.72525480718797
 73.72639720327317
 73.73551480629968
 73.74057545702327
 73.74529378576474
 73.7727985156347
 73.77610272368331
 73.78440822917891
 73.78624285572671
 73.79832521213152
 73.80796464789302
 73.8177727831582
 73.82483770664014
 73.86648642677324
 73.88081207895657
 73.88861069091485
 73.92751841897335
 73.93259152402474
